data/Outputs10m/Run_1.asc
ncols        104
nrows        112
xllcorner    470406.491399999999
yllcorner    4439304.785899999551
cellsize     9.997971000000
NODATA_value  nan
[rows 36 to 53 of 112, columns 40 to 79 of 104]
8.0920000076293945312 8.1359996795654296875 8.1780004501342773438 8.2220001220703125 8.2670001983642578125 8.3090000152587890625 8.354000091552734375 8.395999908447265625 8.444000244140625 8.48600006103515625 6.6380000114440917969 4.3080000877380371094 2.6029999256134033203 2.8180000782012939453 2.4960000514984130859 2.7249999046325683594 2.4370000362396240234 2.11100006103515625 1.993000030517578125 2.13899993896484375 2.36100006103515625 2.6380000114440917969 2.0250000953674316406 2.4189999103546142578 2.5850000381469726562 2.6349999904632568359 2.3670001029968261719 2.3980000019073486328 2.5290000438690185547 2.4430000782012939453 2.5399999618530273438 2.8199999332427978516 2.7660000324249267578 3.0669999122619628906 2.9119999408721923828 6.0040001869201660156 9.6149997711181640625 4.6750001907348632812 3.7980000972747802734 3.9370000362396240234
8.0869998931884765625 8.131999969482421875 8.1770000457763671875 8.2189998626708984375 8.26399993896484375 8.305999755859375 8.3509998321533203125 8.3970003128051757812 8.4420003890991210938 8.4870004653930664062 8.5290002822875976562 8.5740003585815429688 8.6160001754760742188 6.5599999427795410156 3.3919999599456787109 2.5710000991821289062 2.3829998970031738281 2.4059998989105224609 2.2760000228881835938 2.3650000095367431641 2.4110000133514404297 2.7650001049041748047 2.5820000171661376953 2.5869998931884765625 2.9879999160766601562 2.8859999179840087891 2.7379999160766601562 2.7679998874664306641 2.8629999160766601562 2.7460000514984130859 2.8369998931884765625 2.8970000743865966797 3.0840001106262207031 3.4769999980926513672 3.3550000190734863281 3.618000030517578125 9.6269998550415039062 9.6639995574951171875 8.520000457763671875 5.5700001716613769531
8.08300018310546875 8.1280002593994140625 8.173000335693359375 8.2180004119873046875 8.2609996795654296875 8.305999755859375 8.3520002365112304688 8.3970003128051757812 8.4399995803833007812 8.4879999160766601562 8.5310001373291015625 8.576000213623046875 8.618000030517578125 8.6660003662109375 8.7110004425048828125 6.8509998321533203125 3.0639998912811279297 2.3650000095367431641 2.5380001068115234375 2.5420000553131103516 2.506999969482421875 2.7850000858306884766 2.9170000553131103516 3.1449999809265136719 2.9990000724792480469 3.2750000953674316406 3.1510000228881835938 3.2279999256134033203 3.2279999256134033203 3.1470000743865966797 2.8989999294281005859 2.9579999446868896484 3.0820000171661376953 3.5690000057220458984 2.4969999790191650391 1.8220000267028808594 3.6419999599456787109 9.68000030517578125 9.7189998626708984375 9.76399993896484375
8.0799999237060546875 8.1260004043579101562 8.1689996719360351562 8.2139997482299804688 8.2600002288818359375 8.305999755859375 8.3520002365112304688 8.3979997634887695312 8.4409999847412109375 8.48600006103515625 8.5290002822875976562 8.5749998092651367188 8.6210002899169921875 8.6689996719360351562 8.715000152587890625 8.7600002288818359375 8.812000274658203125 6.1690001487731933594 3.1259999275207519531 2.5889999866485595703 2.7309999465942382812 3.0769999027252197266 3.2279999256134033203 3.375 3.3289999961853027344 3.4719998836517333984 3.5230000019073486328 3.4990000724792480469 3.2309999465942382812 3.4509999752044677734 3.145999908447265625 3.1199998855590820312 3.1889998912811279297 2.3459999561309814453 1.0449999570846557617 0.68199998140335083008 0.79500001668930053711 1.3320000171661376953 3.3239998817443847656 9.7810001373291015625
8.076000213623046875 8.1210002899169921875 8.1680002212524414062 8.2139997482299804688 8.2600002288818359375 8.3039999008178710938 8.3489999771118164062 8.395000457763671875 8.4420003890991210938 8.4849996566772460938 8.5310001373291015625 8.5740003585815429688 8.6230001449584960938 8.6719999313354492188 8.7180004119873046875 8.76399993896484375 8.8159999847412109375 8.8620004653930664062 8.9110002517700195312 8.090999603271484375 5.8140001296997070312 3.7379999160766601562 3.5060000419616699219 3.6229999065399169922 3.8069999217987060547 3.7219998836517333984 3.4570000171661376953 3.1679999828338623047 3.5369999408721923828 3.5169999599456787109 3.3190000057220458984 3.0409998893737792969 0.78200000524520874023 0 0 0 0.094999998807907104492 0.47999998927116394043 0 2.4709999561309814453
9.5749998092651367188 8.1210002899169921875 8.16699981689453125 8.2119998931884765625 8.2580003738403320312 8.3039999008178710938 8.3500003814697265625 8.3920001983642578125 8.4390001296997070312 8.48600006103515625 8.5329999923706054688 8.576000213623046875 8.6230001449584960938 8.6759996414184570312 8.7220001220703125 8.7720003128051757812 8.8210000991821289062 8.8710002899169921875 8.9209995269775390625 8.9639997482299804688 9.01399993896484375 8.8529996871948242188 5.8870000839233398438 5.4600000381469726562 5.1149997711181640625 4.048999786376953125 3.8120000362396240234 3.1710000038146972656 2.5840001106262207031 3.7130000591278076172 3.8169999122619628906 1.9060000181198120117 0 0 0 0 0.046000000089406967163 0.25600001215934753418 0 0.57200002670288085938
9.6029996871948242188 9.631999969482421875 9.6610002517700195312 9.6899995803833007812 8.2600002288818359375 8.305999755859375 8.3500003814697265625 8.3909997940063476562 8.4409999847412109375 8.4879999160766601562 8.534000396728515625 8.5780000686645507812 8.625 8.6759996414184570312 8.7259998321533203125 8.7760000228881835938 8.826000213623046875 8.8739995956420898438 8.923999786376953125 8.9750003814697265625 9.0260000228881835938 9.0729999542236328125 9.1230001449584960938 9.1689996719360351562 7.91699981689453125 6.13899993896484375 4.131999969482421875 4.1329998970031738281 3.8759999275207519531 3.9249999523162841797 2.7190001010894775391 2.4360001087188720703 0.24600000679492950439 0 0 0.13699999451637268066 0.76399999856948852539 1.0310000181198120117 0.39599999785423278809 4.0700001716613769531
8.1219997406005859375 8.159000396728515625 8.1960000991821289062 9.7189998626708984375 9.7489995956420898438 9.7779998779296875 9.8090000152587890625 9.840000152587890625 8.4429998397827148438 8.4879999160766601562 8.5319995880126953125 8.5780000686645507812 8.6309995651245117188 8.6789999008178710938 8.729999542236328125 8.7799997329711914062 8.8310003280639648438 8.881999969482421875 8.9340000152587890625 8.9820003509521484375 9.034000396728515625 9.08300018310546875 9.1339998245239257812 9.1850004196166992188 9.2349996566772460938 9.2810001373291015625 8.1350002288818359375 6.5250000953674316406 4.5170001983642578125 4.2309999465942382812 3.4670000076293945312 2.1909999847412109375 0.94900000095367431641 0.65100002288818359375 0 0.17200000584125518799 1.2419999837875366211 2.2149999141693115234 2.9560000896453857422 6.3969998359680175781
8.15200042724609375 8.1890001296997070312 8.2259998321533203125 8.2609996795654296875 8.298999786376953125 8.3380002975463867188 8.3739995956420898438 9.8699998855590820312 9.8999996185302734375 9.930999755859375 9.9630002975463867188 9.9949998855590820312 8.6359996795654296875 8.6840000152587890625 8.7340002059936523438 8.784000396728515625 8.8350000381469726562 8.8859996795654296875 8.9399995803833007812 8.993000030517578125 9.0430002212524414062 9.0930004119873046875 9.145999908447265625 9.1979999542236328125 9.25 9.2969999313354492188 9.3380002975463867188 9.375 8.8719997406005859375 6.7719998359680175781 5.8709998130798339844 3.1270000934600830078 1.1260000467300415039 0.35800001025199890137 0.032999999821186065674 0.3160000145435333252 1.618000030517578125 2.8340001106262207031 3.5769999027252197266 8.8979997634887695312
8.1789999008178710938 8.215999603271484375 8.2530002593994140625 8.2910003662109375 8.3290004730224609375 8.3669996261596679688 8.4069995880126953125 8.4429998397827148438 8.4829998016357421875 8.5229997634887695312 8.5609998703002929688 10.026000022888183594 10.057999610900878906 10.090000152587890625 10.123999595642089844 8.79199981689453125 8.8389997482299804688 8.8920001983642578125 8.94499969482421875 9.0010004043579101562 9.0530004501342773438 9.1099996566772460938 9.1610002517700195312 9.215000152587890625 9.2650003433227539062 9.3109998703002929688 9.3529996871948242188 9.3920001983642578125 9.4329996109008789062 9.4709997177124023438 9.006999969482421875 7.1989998817443847656 4.8020000457763671875 3.4479999542236328125 1.3589999675750732422 0.96899998188018798828 1.6599999666213989258 3.2070000171661376953 5.7699999809265136719 9.9209995269775390625
8.20800018310546875 8.2449998855590820312 8.2819995880126953125 8.3170003890991210938 8.3579998016357421875 8.3929996490478515625 8.4320001602172851562 8.4720001220703125 8.5120000839233398438 8.548999786376953125 8.5920000076293945312 8.6339998245239257812 8.6770000457763671875 8.7170000076293945312 8.7620000839233398438 10.170000076293945312 10.203000068664550781 10.237999916076660156 8.951999664306640625 9.0109996795654296875 9.0659999847412109375 9.1190004348754882812 9.173999786376953125 9.2320003509521484375 9.2799997329711914062 9.3280000686645507812 9.3690004348754882812 9.409000396728515625 9.451999664306640625 9.4919996261596679688 9.534999847412109375 9.576999664306640625 7.9260001182556152344 6.4559998512268066406 5.0289998054504394531 4.1799998283386230469 3.7309999465942382812 5.1970000267028808594 7.4070000648498535156 9.9540004730224609375
8.2370004653930664062 8.270999908447265625 8.3079996109008789062 8.3459997177124023438 8.3870000839233398438 8.4219999313354492188 8.4610004425048828125 8.4969997406005859375 8.5369997024536132812 8.576999664306640625 8.6169996261596679688 8.6639995574951171875 8.7049999237060546875 8.7480001449584960938 8.7910003662109375 8.83300018310546875 8.8780002593994140625 10.270999908447265625 10.30500030517578125 10.340000152587890625 9.0810003280639648438 9.1339998245239257812 9.1909999847412109375 9.2440004348754882812 9.2969999313354492188 9.3420000076293945312 9.3850002288818359375 9.4289999008178710938 9.4739999771118164062 9.5150003433227539062 9.5570001602172851562 9.6029996871948242188 9.6470003128051757812 9.6929998397827148438 9.7449998855590820312 7.7459998130798339844 6.6479997634887695312 7.0619997978210449219 9.91699981689453125 9.9849996566772460938
8.2629995346069335938 8.298999786376953125 8.3360004425048828125 8.3739995956420898438 8.4119997024536132812 8.4499998092651367188 8.4890003204345703125 8.5249996185302734375 8.5649995803833007812 8.604999542236328125 8.645000457763671875 8.6920003890991210938 8.7320003509521484375 8.7760000228881835938 8.81999969482421875 8.8640003204345703125 8.909000396728515625 8.9560003280639648438 9.0039997100830078125 10.373999595642089844 10.409000396728515625 10.444000244140625 9.2069997787475585938 9.2620000839233398438 9.3109998703002929688 9.3579998016357421875 9.4040002822875976562 9.4499998092651367188 9.493000030517578125 9.5380001068115234375 9.5810003280639648438 9.6269998550415039062 9.6709995269775390625 9.715999603271484375 9.7650003433227539062 9.8070001602172851562 9.8520002365112304688 9.2609996795654296875 9.9479999542236328125 10.012000083923339844
8.2910003662109375 8.326999664306640625 8.36100006103515625 8.3990001678466796875 8.437000274658203125 8.4779996871948242188 8.5170001983642578125 8.5530004501342773438 8.5889997482299804688 8.631999969482421875 8.673000335693359375 8.715999603271484375 8.7600002288818359375 8.8070001602172851562 8.8489999771118164062 8.8929996490478515625 8.9420003890991210938 8.9890003204345703125 9.034000396728515625 9.0860004425048828125 9.131999969482421875 10.479000091552734375 10.515000343322753906 10.552000045776367188 9.3290004730224609375 9.3730001449584960938 9.4209995269775390625 9.4680004119873046875 9.5109996795654296875 9.5579996109008789062 9.6000003814697265625 9.6470003128051757812 9.6909999847412109375 9.7379999160766601562 9.7829999923706054688 9.8299999237060546875 9.8730001449584960938 9.923000335693359375 9.9750003814697265625 10.036999702453613281
8.3179998397827148438 8.3520002365112304688 8.38899993896484375 8.4259996414184570312 8.4639997482299804688 8.5019998550415039062 8.5410003662109375 8.5799999237060546875 8.6169996261596679688 8.6560001373291015625 8.7030000686645507812 8.743000030517578125 8.7880001068115234375 8.8319997787475585938 8.8769998550415039062 8.9219999313354492188 8.9709997177124023438 9.0179996490478515625 9.0659999847412109375 9.1149997711181640625 9.1649999618530273438 9.215000152587890625 9.2659997940063476562 10.586999893188476562 10.623999595642089844 10.661000251770019531 9.4420003890991210938 9.48600006103515625 9.534000396728515625 9.5799999237060546875 9.6230001449584960938 9.6689996719360351562 9.7130002975463867188 9.7609996795654296875 9.80500030517578125 9.8500003814697265625 9.8929996490478515625 9.9499998092651367188 10.005999565124511719 10.060999870300292969
2.7339999675750732422 4.0659999847412109375 3.8350000381469726562 5.2950000762939453125 8.1129999160766601562 8.5290002822875976562 8.5679998397827148438 8.604000091552734375 8.6429996490478515625 8.6829996109008789062 8.729999542236328125 8.7729997634887695312 8.8179998397827148438 8.8620004653930664062 8.9069995880126953125 8.9530000686645507812 8.9989995956420898438 9.0469999313354492188 9.09799957275390625 9.1429996490478515625 9.1929998397827148438 9.2440004348754882812 9.29199981689453125 9.3380002975463867188 9.381999969482421875 10.697999954223632812 10.73600006103515625 10.774000167846679688 9.55500030517578125 9.6009998321533203125 9.645000457763671875 9.687999725341796875 9.7309999465942382812 9.7790002822875976562 9.8249998092651367188 9.8730001449584960938 9.923999786376953125 9.979000091552734375 10.038999557495117188 10.088999748229980469
1.626999974250793457 1.2760000228881835938 1.6820000410079956055 3.0999999046325683594 3.5150001049041748047 3.6059999465942382812 4.3179998397827148438 4.8839998245239257812 5.9809999465942382812 8.5790004730224609375 8.7559995651245117188 8.8000001907348632812 8.8439998626708984375 8.88899993896484375 8.9340000152587890625 8.9829998016357421875 9.0299997329711914062 9.076999664306640625 9.125 9.173999786376953125 9.2239999771118164062 9.2740001678466796875 9.319000244140625 9.3649997711181640625 9.4060001373291015625 9.451000213623046875 9.4960002899169921875 10.810999870300292969 10.850000381469726562 10.890000343322753906 9.6639995574951171875 9.70800018310546875 9.7539997100830078125 9.8009996414184570312 9.84799957275390625 9.8970003128051757812 9.951999664306640625 10.015000343322753906 10.06999969482421875 10.114999771118164062
2.5520000457763671875 2.3050000667572021484 3.0060000419616699219 3.1440000534057617188 3.5230000019073486328 3.9609999656677246094 3.9690001010894775391 4.2119998931884765625 4.3769998550415039062 4.5479998588562011719 5.3769998550415039062 5.3509998321533203125 7.1700000762939453125 8.3789997100830078125 8.9639997482299804688 9.006999969482421875 9.0570001602172851562 9.104000091552734375 9.15200042724609375 9.201000213623046875 9.2530002593994140625 9.3009996414184570312 9.3459997177124023438 9.3879995346069335938 9.4320001602172851562 9.4759998321533203125 9.5179996490478515625 9.5640001296997070312 9.6029996871948242188 9.645000457763671875 10.94499969482421875 10.984999656677246094 11.026000022888183594 9.81999969482421875 9.8710002899169921875 9.9219999313354492188 9.9840002059936523438 10.045999526977539062 10.0970001220703125 10.142999649047851562
