data/Outputs10m/Run_1.asc
ncols        104
nrows        112
xllcorner    470406.491399999999
yllcorner    4439304.785899999551
cellsize     9.997971000000
NODATA_value  nan
[rows 36 to 53 of 112, columns 0 to 39 of 104]
4.2490000724792480469 5.3229999542236328125 6.6979999542236328125 6.7129998207092285156 6.7300000190734863281 6.7519998550415039062 6.7729997634887695312 6.1579999923706054688 6.2899999618530273438 6.4990000724792480469 6.6960000991821289062 6.9089999198913574219 6.9390001296997070312 6.9679999351501464844 8.8219995498657226562 8.8450002670288085938 8.8690004348754882812 8.8920001983642578125 8.91699981689453125 7.1869997978210449219 6.9549999237060546875 6.88899993896484375 6.5710000991821289062 7.0729999542236328125 7.4010000228881835938 7.4450001716613769531 7.4879999160766601562 7.5310001373291015625 7.5749998092651367188 7.3800001144409179688 7.5840001106262207031 7.5939998626708984375 7.6589999198913574219 7.76399993896484375 7.840000152587890625 7.881999969482421875 7.923999786376953125 7.9640002250671386719 8.0039997100830078125 8.048000335693359375
4.2870001792907714844 5.4450001716613769531 6.7389998435974121094 6.7550001144409179688 6.7729997634887695312 6.7930002212524414062 6.6420001983642578125 6.3150000572204589844 6.298999786376953125 5.9250001907348632812 5.8629999160766601562 6.4089999198913574219 6.9739999771118164062 7.0050001144409179688 7.0279998779296875 7.0619997978210449219 7.0970001220703125 7.131999969482421875 7.1620001792907714844 8.9499998092651367188 8.9739999771118164062 8.9989995956420898438 9.0229997634887695312 9.048000335693359375 7.4000000953674316406 6.7069997787475585938 7.4829998016357421875 7.5229997634887695312 7.5630002021789550781 7.4299998283386230469 7.0060000419616699219 7.3720002174377441406 7.1139998435974121094 6.7509999275207519531 7.8359999656677246094 7.8790001869201660156 7.9180002212524414062 7.9619998931884765625 8.0019998550415039062 8.0459995269775390625
4.3249998092651367188 5.3930001258850097656 6.7789998054504394531 6.7950000762939453125 6.8119997978210449219 6.8319997787475585938 6.5089998245239257812 6.7690000534057617188 6.6100001335144042969 6.1680002212524414062 6.534999847412109375 6.5279998779296875 7.006999969482421875 7.0339999198913574219 7.0650000572204589844 7.0939998626708984375 7.1300001144409179688 7.1640000343322753906 7.1939997673034667969 7.2249999046325683594 7.2610001564025878906 7.2969999313354492188 7.3369998931884765625 7.3709998130798339844 9.08300018310546875 9.1079998016357421875 9.1330003738403320312 9.159000396728515625 9.1850004196166992188 7.1329998970031738281 7.2670001983642578125 7.0890002250671386719 7.5339999198913574219 7.7870001792907714844 7.8299999237060546875 7.8720002174377441406 7.9120001792907714844 7.9559998512268066406 7.9970002174377441406 8.0410003662109375
4.3629999160766601562 5.3509998321533203125 6.8169999122619628906 6.83300018310546875 6.8499999046325683594 6.8720002174377441406 6.8930001258850097656 6.5729999542236328125 6.9409999847412109375 6.965000152587890625 6.9899997711181640625 7.0149998664855957031 7.04199981689453125 7.0689997673034667969 7.0999999046325683594 7.1279997825622558594 7.1630001068115234375 7.1929998397827148438 7.2259998321533203125 7.2589998245239257812 7.2940001487731933594 7.3289999961853027344 7.3670001029968261719 7.4019999504089355469 7.4320001602172851562 7.4689998626708984375 7.506999969482421875 7.5450000762939453125 7.5799999237060546875 9.2209997177124023438 9.2469997406005859375 9.2729997634887695312 9.3000001907348632812 7.4210000038146972656 7.8280000686645507812 7.8649997711181640625 7.9039998054504394531 7.9499998092651367188 7.9949998855590820312 8.0360002517700195312
4.3990001678466796875 5.2870001792907714844 6.8530001640319824219 6.8689999580383300781 6.8899998664855957031 6.9079999923706054688 6.9310002326965332031 6.8060002326965332031 6.9780001640319824219 6.9980001449584960938 7.0229997634887695312 5.9959998130798339844 6.3119997978210449219 7.1030001640319824219 7.1300001144409179688 7.1640000343322753906 7.1929998397827148438 7.2249999046325683594 7.2579998970031738281 7.2880001068115234375 7.326000213623046875 7.3600001335144042969 7.3979997634887695312 7.4330000877380371094 7.4679999351501464844 7.5019998550415039062 7.5380001068115234375 7.5749998092651367188 7.61100006103515625 7.645999908447265625 7.6840000152587890625 7.7199997901916503906 9.326000213623046875 9.3529996871948242188 9.3800001144409179688 9.4069995880126953125 9.4350004196166992188 7.9460000991821289062 7.9910001754760742188 8.0329999923706054688
4.4310002326965332031 5.4050002098083496094 6.8880000114440917969 6.9070000648498535156 6.9250001907348632812 6.9460000991821289062 6.9629998207092285156 6.98600006103515625 7.0110001564025878906 7.0339999198913574219 7.0580000877380371094 7.0819997787475585938 6.7270002365112304688 6.5939998626708984375 7.0720000267028808594 7.1939997673034667969 7.2249999046325683594 7.2540001869201660156 7.2870001792907714844 7.3200001716613769531 7.354000091552734375 7.3909997940063476562 7.4289999008178710938 7.465000152587890625 7.4970002174377441406 7.5329999923706054688 7.5700001716613769531 7.6069998741149902344 7.6430001258850097656 7.6799998283386230469 7.7170000076293945312 7.7529997825622558594 7.7859997749328613281 7.8200001716613769531 7.854000091552734375 7.88899993896484375 9.4619998931884765625 9.4899997711181640625 9.5179996490478515625 9.5459995269775390625
4.465000152587890625 5.3439998626708984375 6.9219999313354492188 6.9409999847412109375 6.9549999237060546875 6.9759998321533203125 6.9959998130798339844 7.0219998359680175781 7.0440001487731933594 7.0689997673034667969 7.0890002250671386719 7.1160001754760742188 7.1409997940063476562 7.16699981689453125 7.1960000991821289062 7.2259998321533203125 7.256999969482421875 7.284999847412109375 7.3179998397827148438 7.3509998321533203125 7.3880000114440917969 7.4190001487731933594 7.4569997787475585938 7.493000030517578125 7.5279998779296875 7.5650000572204589844 7.6009998321533203125 7.6380000114440917969 7.6750001907348632812 7.7119998931884765625 7.75 7.784999847412109375 7.8179998397827148438 7.8520002365112304688 7.8829998970031738281 7.9180002212524414062 7.9520001411437988281 7.9850001335144042969 8.020999908447265625 8.0570001602172851562
4.5009999275207519531 5.2880001068115234375 6.9549999237060546875 6.9710001945495605469 6.9910001754760742188 7.0089998245239257812 7.0310001373291015625 7.0539999008178710938 7.0749998092651367188 7.0999999046325683594 7.1230001449584960938 7.145999908447265625 7.1710000038146972656 7.1989998817443847656 7.2280001640319824219 7.256999969482421875 7.284999847412109375 7.3189997673034667969 7.3480000495910644531 7.3810000419616699219 7.4149999618530273438 7.4489998817443847656 7.4879999160766601562 7.5229997634887695312 7.5590000152587890625 7.5929999351501464844 7.631999969482421875 7.6690001487731933594 7.7030000686645507812 7.7439999580383300781 7.7789998054504394531 7.8140001296997070312 7.8470001220703125 7.8810000419616699219 7.9140000343322753906 7.9489998817443847656 7.9840002059936523438 8.0159997940063476562 8.0520000457763671875 8.0850000381469726562
4.5320000648498535156 5.4050002098083496094 6.9869999885559082031 7.0050001144409179688 7.0219998359680175781 7.0399999618530273438 7.0619997978210449219 7.0850000381469726562 7.1079998016357421875 7.1300001144409179688 7.1519999504089355469 7.1760001182556152344 7.2030000686645507812 7.2270002365112304688 7.2560000419616699219 7.284999847412109375 7.3150000572204589844 7.3449997901916503906 7.3740000724792480469 7.409999847412109375 7.4439997673034667969 7.479000091552734375 7.5170001983642578125 7.5539999008178710938 7.590000152587890625 7.6240000724792480469 7.659999847412109375 7.701000213623046875 7.7350001335144042969 7.7719998359680175781 7.8099999427795410156 7.8429999351501464844 7.8779997825622558594 7.9120001792907714844 7.9419999122619628906 7.9770002365112304688 8.0109996795654296875 8.0469999313354492188 8.0819997787475585938 8.1149997711181640625
4.5630002021789550781 5.326000213623046875 7.0170001983642578125 7.0359997749328613281 7.0520000457763671875 7.0700001716613769531 7.0920000076293945312 7.1149997711181640625 7.1380000114440917969 7.1620001792907714844 7.1840000152587890625 7.2069997787475585938 7.2340002059936523438 7.2579998970031738281 7.2859997749328613281 7.3140001296997070312 7.3439998626708984375 7.3740000724792480469 7.4029998779296875 7.4349999427795410156 7.4720001220703125 7.5079998970031738281 7.5469999313354492188 7.58300018310546875 7.6199998855590820312 7.6570000648498535156 7.6909999847412109375 7.7309999465942382812 7.7690000534057617188 7.8029999732971191406 7.8410000801086425781 7.8740000724792480469 7.9060001373291015625 7.9390001296997070312 7.9730000495910644531 8.006999969482421875 8.04199981689453125 8.0740003585815429688 8.1090002059936523438 8.145000457763671875
4.5920000076293945312 5.2519998550415039062 7.0460000038146972656 7.0650000572204589844 7.0819997787475585938 7.0989999771118164062 7.1209998130798339844 7.1440000534057617188 7.16699981689453125 7.1909999847412109375 7.2129998207092285156 7.2379999160766601562 7.2610001564025878906 7.2880001068115234375 7.3150000572204589844 7.3429999351501464844 7.3689999580383300781 7.3990001678466796875 7.4299998283386230469 7.4619998931884765625 7.5 7.5329999923706054688 7.576000213623046875 7.6100001335144042969 7.6500000953674316406 7.6849999427795410156 7.7189998626708984375 7.7589998245239257812 7.7960000038146972656 7.8340001106262207031 7.8720002174377441406 7.9039998054504394531 7.9340000152587890625 7.9699997901916503906 8 8.034000396728515625 8.069000244140625 8.104000091552734375 8.1359996795654296875 8.1750001907348632812
4.6199998855590820312 5.3649997711181640625 7.0739998817443847656 7.0929999351501464844 7.1129999160766601562 7.1279997825622558594 7.1519999504089355469 7.1719999313354492188 7.1950001716613769531 7.2189998626708984375 7.2399997711181640625 7.2649998664855957031 7.2909998893737792969 7.3140001296997070312 7.3410000801086425781 7.3709998130798339844 7.395999908447265625 7.4279999732971191406 7.4549999237060546875 7.4869999885559082031 7.5219998359680175781 7.5619997978210449219 7.6009998321533203125 7.6399998664855957031 7.6779999732971191406 7.715000152587890625 7.7529997825622558594 7.7899999618530273438 7.8270001411437988281 7.86100006103515625 7.9019999504089355469 7.9310002326965332031 7.9629998207092285156 7.9959998130798339844 8.0299997329711914062 8.0640001296997070312 8.09799957275390625 8.1330003738403320312 8.1649999618530273438 8.201000213623046875
5.4850001335144042969 5.215000152587890625 7.0980000495910644531 7.1170001029968261719 7.1370000839233398438 7.1579999923706054688 7.1799998283386230469 7.1989998817443847656 7.2249999046325683594 7.2459998130798339844 7.2699999809265136719 7.2950000762939453125 7.3169999122619628906 7.3429999351501464844 7.3720002174377441406 7.3949999809265136719 7.4219999313354492188 7.4499998092651367188 7.4749999046325683594 7.506999969482421875 7.5460000038146972656 7.5850000381469726562 7.6300001144409179688 7.6700000762939453125 7.7090001106262207031 7.7459998130798339844 7.7829999923706054688 7.8169999122619628906 7.8569998741149902344 7.8909997940063476562 7.9289999008178710938 7.9609999656677246094 7.993000030517578125 8.0229997634887695312 8.055999755859375 8.090000152587890625 8.1269998550415039062 8.159000396728515625 8.194000244140625 8.2259998321533203125
2.3459999561309814453 3.0190000534057617188 4.4970002174377441406 4.6079998016357421875 5.29199981689453125 6.0510001182556152344 5.6519999504089355469 6.0430002212524414062 6.3800001144409179688 4.9010000228881835938 5.0929999351501464844 5.7579998970031738281 5.8309998512268066406 6.173999786376953125 7.4180002212524414062 7.4219999313354492188 7.4470000267028808594 7.4730000495910644531 7.4990000724792480469 7.5260000228881835938 7.5650000572204589844 7.6079998016357421875 5.0679998397827148438 2.8650000095367431641 3.2780001163482666016 3.8280000686645507812 3.3789999485015869141 5.4879999160766601562 7.701000213623046875 7.9210000038146972656 7.9549999237060546875 7.9869999885559082031 8.0190000534057617188 8.0509996414184570312 8.0850000381469726562 8.118000030517578125 8.15200042724609375 8.1840000152587890625 8.2220001220703125 8.2550001144409179688
2.3239998817443847656 2.3320000171661376953 2.854000091552734375 3.2730000019073486328 3.4309999942779541016 3.2939999103546142578 3.6240000724792480469 4.6339998245239257812 3.8280000686645507812 3.0469999313354492188 2.7999999523162841797 2.5980000495910644531 2.1659998893737792969 2.0169999599456787109 2.7950000762939453125 4.0079998970031738281 5.0310001373291015625 4.9409999847412109375 4.3649997711181640625 4.4730000495910644531 4.9670000076293945312 4.3010001182556152344 1.1690000295639038086 1.3150000572204589844 1.2059999704360961914 1.0980000495910644531 1.1490000486373901367 1.1540000438690185547 1.7170000076293945312 1.883999943733215332 1.8029999732971191406 3.11100006103515625 2.8289999961853027344 1.5629999637603759766 2.4979999065399169922 5.5399999618530273438 6.4520001411437988281 6.5780000686645507812 8.2469997406005859375 8.2819995880126953125
2.7490000724792480469 2.9040000438690185547 3.1760001182556152344 3.2829999923706054688 3.5109999179840087891 3.5329999923706054688 3.6679999828338623047 4.0710000991821289062 3.6400001049041748047 3.2769999504089355469 2.8559999465942382812 2.5510001182556152344 2.0269999504089355469 1.7960000038146972656 1.625 1.238000035285949707 1.1019999980926513672 0.98900002241134643555 0.52799999713897705078 0.76999998092651367188 0.86599999666213989258 0 0.54600000381469726562 1.258999943733215332 1.238000035285949707 1.2220000028610229492 1.1759999990463256836 1.2660000324249267578 1.8890000581741333008 2.1480000019073486328 2.1540000438690185547 2.2279999256134033203 1.3600000143051147461 1.6940000057220458984 1.7849999666213989258 2.0199999809265136719 2.0750000476837158203 2.2860000133514404297 2.2850000858306884766 2.2929999828338623047
2.2590000629425048828 1.9939999580383300781 1.995000004768371582 2.0969998836517333984 2.5969998836517333984 2.5280001163482666016 4.9980001449584960938 2.8350000381469726562 3.1140000820159912109 3.1860001087188720703 2.9839999675750732422 2.8229999542236328125 2.7260000705718994141 2.1229999065399169922 1.4379999637603759766 1.2280000448226928711 0.87599998712539672852 0.31099998950958251953 0 0 0 0.2569999992847442627 0.78100001811981201172 1.1139999628067016602 1.1560000181198120117 1.1950000524520874023 0.87099999189376831055 2.0360000133514404297 2.2039999961853027344 2.4619998931884765625 2.6940000057220458984 2.7739999294281005859 2.4330000877380371094 2.9709999561309814453 3.1689999103546142578 3.2479999065399169922 3.3789999485015869141 2.9619998931884765625 2.3420000076293945312 1.6610000133514404297
1.5700000524520874023 1.4639999866485595703 1.8339999914169311523 1.8949999809265136719 2.3450000286102294922 3.8849999904632568359 2.2609999179840087891 2.4509999752044677734 2.7969999313354492188 2.9849998950958251953 3.0429999828338623047 2.8269999027252197266 2.5620000362396240234 2.5820000171661376953 2.4119999408721923828 0.71899998188018798828 0.76499998569488525391 0.30099999904632568359 0.0030000000260770320892 0.0030000000260770320892 0 0.68699997663497924805 0.94999998807907104492 1.0260000228881835938 1.113000035285949707 1.1510000228881835938 0.90899997949600219727 2.2309999465942382812 2.2720000743865966797 2.5510001182556152344 2.7330000400543212891 2.9279999732971191406 3.0150001049041748047 3.1779999732971191406 3.3420000076293945312 3.2679998874664306641 3.1770000457763671875 3.1930000782012939453 3.2400000095367431641 2.9800000190734863281
