data/Outputs10m/Run_1.asc
ncols        104
nrows        112
xllcorner    470406.491399999999
yllcorner    4439304.785899999551
cellsize     9.997971000000
NODATA_value  nan
[rows 18 to 35 of 112, columns 0 to 39 of 104]
4.1849999427795410156 3.3659999370574951172 1.9119999408721923828 1.7200000286102294922 1.4509999752044677734 0.67599999904632568359 4.2239999771118164062 4.1970000267028808594 3.2420001029968261719 1.1599999666213989258 1.2139999866485595703 1.3580000400543212891 1.0249999761581420898 0.71399998664855957031 0.44400000572204589844 0.083999998867511749268 0 0 0 0.30599999427795410156 0.74800002574920654297 0.67699998617172241211 0.64899998903274536133 0.51899999380111694336 0.73100000619888305664 0.91399997472763061523 1.1540000438690185547 1.1970000267028808594 0.99400001764297485352 1.0930000543594360352 1.6169999837875366211 1.7489999532699584961 1.8430000543594360352 1.6089999675750732422 1.5399999618530273438 1.1970000267028808594 0.66100001335144042969 0.4629999995231628418 0.55000001192092895508 0.29699999094009399414
4.3790001869201660156 4.3930001258850097656 3.3919999599456787109 3.3229999542236328125 2.8740000724792480469 3.9460000991821289062 5.284999847412109375 4.8530001640319824219 4.1519999504089355469 1.5420000553131103516 1.5429999828338623047 1.4249999523162841797 1.2309999465942382812 0.70499998331069946289 0.30700001120567321777 0.090000003576278686523 0 0.052999999374151229858 0.19599999487400054932 0.29100000858306884766 0.76099997758865356445 0.67500001192092895508 0.75199997425079345703 0.88700002431869506836 0.64600002765655517578 0.81999999284744262695 0.82599997520446777344 1.1720000505447387695 1.3209999799728393555 1.375 1.6280000209808349609 1.6610000133514404297 1.6519999504089355469 1.370000004768371582 1.370000004768371582 0.95999997854232788086 0.68999999761581420898 0.48399999737739562988 0.24400000274181365967 0.046999998390674591064
4.3619999885559082031 4.3759999275207519531 4.3899998664855957031 4.1050000190734863281 3.4969999790191650391 5.4689998626708984375 6.5580000877380371094 6.8740000724792480469 6.4959998130798339844 3.5460000038146972656 2.1670000553131103516 1.9309999942779541016 1.3580000400543212891 0.92900002002716064453 0.71700000762939453125 0.40799999237060546875 0.28600001335144042969 0.21999999880790710449 0.2569999992847442627 0.76899999380111694336 0.71499997377395629883 0.58600002527236938477 0.51899999380111694336 0.65100002288818359375 0.70700001716613769531 0.79500001668930053711 0.55299997329711914062 0.75 1.1579999923706054688 1.4670000076293945312 1.5740000009536743164 1.5870000123977661133 1.7130000591278076172 1.6720000505447387695 1.2890000343322753906 0.99299997091293334961 0.83999997377395629883 0.59200000762939453125 0.41100001335144042969 0.19799999892711639404
4.340000152587890625 4.3600001335144042969 4.3810000419616699219 4.3850002288818359375 4.3899998664855957031 4.604000091552734375 6.5440001487731933594 6.8730001449584960938 6.8949999809265136719 6.9200000762939453125 6.9439997673034667969 6.9720001220703125 5.6500000953674316406 3.506999969482421875 1.2000000476837158203 1.2009999752044677734 0.92500001192092895508 0.93800002336502075195 0.94599997997283935547 0.96200001239776611328 0.76399999856948852539 0.68800002336502075195 0.81999999284744262695 0.8159999847412109375 0.80500000715255737305 0.71600002050399780273 0.25099998712539672852 0.51599997282028198242 0.96499997377395629883 1.1909999847412109375 1.4349999427795410156 1.3380000591278076172 1.6740000247955322266 1.8650000095367431641 1.6809999942779541016 1.2400000095367431641 0.96899998188018798828 0.8379999995231628418 0.63599997758865356445 0.53500002622604370117
4.3270001411437988281 4.3460001945495605469 4.368000030517578125 4.375 4.3810000419616699219 5.1830000877380371094 6.8460001945495605469 6.8709998130798339844 6.8930001258850097656 6.9200000762939453125 6.9450001716613769531 6.9730000495910644531 7 7.0339999198913574219 6.9809999465942382812 5.6630001068115234375 3.7460000514984130859 2.0160000324249267578 1.4290000200271606445 1.2960000038146972656 1.120000004768371582 0.97200000286102294922 0.72699999809265136719 0.72000002861022949219 0.95599997043609619141 0.46099999547004699707 0.25999999046325683594 0.50300002098083496094 0.63599997758865356445 0.9779999852180480957 1.1390000581741333008 1.3070000410079956055 1.6940000057220458984 1.9650000333786010742 1.8289999961853027344 1.1480000019073486328 1.261999964714050293 1.5870000123977661133 1.2580000162124633789 1.0599999427795410156
4.3080000877380371094 4.3280000686645507812 4.3530001640319824219 4.3629999160766601562 4.3689999580383300781 5.7449998855590820312 6.8390002250671386719 6.8649997711181640625 6.8909997940063476562 6.9149999618530273438 6.9409999847412109375 6.9699997901916503906 7.0009999275207519531 7.0329999923706054688 7.0659999847412109375 7.0980000495910644531 7.1310000419616699219 6.3949999809265136719 4.1160001754760742188 1.4989999532699584961 1.5160000324249267578 1.3890000581741333008 1.2849999666213989258 1.0650000572204589844 1.0629999637603759766 0.73199999332427978516 0.41699999570846557617 0.18899999558925628662 0.40200001001358032227 0.66699999570846557617 0.67599999904632568359 2.1359999179840087891 2.5160000324249267578 2.2929999828338623047 1.9299999475479125977 2.8800001144409179688 2.6870000362396240234 2.3629999160766601562 1.3500000238418579102 1.0779999494552612305
4.2880001068115234375 4.3109998703002929688 4.33300018310546875 4.3499999046325683594 4.4539999961853027344 6.5320000648498535156 6.8340001106262207031 6.8569998741149902344 6.8839998245239257812 6.909999847412109375 6.9390001296997070312 6.9699997901916503906 7.0009999275207519531 7.0310001373291015625 6.979000091552734375 7.0300002098083496094 7.1329998970031738281 7.0599999427795410156 7.2049999237060546875 7.1880002021789550781 4.8520002365112304688 1.8669999837875366211 1.7139999866485595703 1.4830000400543212891 1.4010000228881835938 1.3559999465942382812 1.2189999818801879883 0.15999999642372131348 0 0.12999999523162841797 1.2749999761581420898 2.8090000152587890625 2.7230000495910644531 2.104000091552734375 2.6889998912811279297 3.8139998912811279297 3.6919999122619628906 3.7130000591278076172 2.3410000801086425781 1.8270000219345092773
4.2699999809265136719 4.2899999618530273438 4.3119997978210449219 4.3359999656677246094 5.0009999275207519531 6.8020000457763671875 6.8249998092651367188 6.8520002365112304688 6.8769998550415039062 6.9060001373291015625 6.9330000877380371094 6.965000152587890625 6.9939999580383300781 7.0279998779296875 7.0619997978210449219 6.8140001296997070312 6.895999908447265625 6.9210000038146972656 7.2030000686645507812 7.2410001754760742188 7.2800002098083496094 7.3189997673034667969 6.1449999809265136719 2.7780001163482666016 1.7300000190734863281 1.6000000238418579102 1.5959999561309814453 0.71399998664855957031 0.38400000333786010742 0.55699998140335083008 2.4260001182556152344 3.2090001106262207031 2.0599999427795410156 1.9750000238418579102 3.4170000553131103516 4.0060000419616699219 3.9279999732971191406 3.3980000019073486328 2.5739998817443847656 1.9440000057220458984
4.2459998130798339844 4.2670001983642578125 4.2890000343322753906 4.3159999847412109375 5.7170000076293945312 6.7909998893737792969 6.8169999122619628906 6.8420000076293945312 6.8709998130798339844 6.8979997634887695312 6.9260001182556152344 6.9590001106262207031 6.9889998435974121094 7.0260000228881835938 7.0609998703002929688 7.0939998626708984375 7.1279997825622558594 7.1620001792907714844 7.1999998092651367188 7.23600006103515625 7.2779998779296875 7.3169999122619628906 7.3569998741149902344 7.3979997634887695312 7.4390001296997070312 6.6880002021789550781 3.5690000057220458984 4.4039998054504394531 4.0479998588562011719 2.5090000629425048828 2.3499999046325683594 2.4179999828338623047 2.3239998817443847656 2.9500000476837158203 3.8289999961853027344 3.4609999656677246094 3.9319999217987060547 3.2119998931884765625 1.9730000495910644531 1.7469999790191650391
4.2210001945495605469 4.2439999580383300781 4.2699999809265136719 4.4809999465942382812 6.2760000228881835938 6.7769999504089355469 6.8049998283386230469 6.8309998512268066406 6.86100006103515625 6.88899993896484375 6.9190001487731933594 6.9520001411437988281 6.98600006103515625 7.020999908447265625 7.0539999008178710938 7.0869998931884765625 7.1209998130798339844 7.1589999198913574219 6.8559999465942382812 6.8949999809265136719 6.9429998397827148438 6.8309998512268066406 7.3559999465942382812 7.3930001258850097656 7.4380002021789550781 7.4759998321533203125 7.5190000534057617188 7.5619997978210449219 7.3660001754760742188 6.2439999580383300781 4.7119998931884765625 3.0309998989105224609 2.5759999752044677734 2.5929999351501464844 2.7130000591278076172 3.2969999313354492188 3.7780001163482666016 3.0729999542236328125 1.9299999475479125977 1.6900000572204589844
4.215000152587890625 4.2410001754760742188 4.26399993896484375 4.9939999580383300781 6.7379999160766601562 6.7649998664855957031 6.7909998893737792969 6.8179998397827148438 6.8499999046325683594 6.8790001869201660156 6.909999847412109375 6.9439997673034667969 6.979000091552734375 7.0120000839233398438 7.0479998588562011719 7.0819997787475585938 7.1170001029968261719 7.1550002098083496094 7.1909999847412109375 7.2300000190734863281 6.7270002365112304688 7.1539998054504394531 7.3499999046325683594 7.3909997940063476562 7.4330000877380371094 7.4749999046325683594 7.5180001258850097656 7.5609998703002929688 7.6050000190734863281 7.6500000953674316406 7.6939997673034667969 5.9250001907348632812 4.3299999237060546875 3.1800000667572021484 2.8410000801086425781 2.8800001144409179688 3.1170001029968261719 2.2119998931884765625 1.9019999504089355469 1.7560000419616699219
4.2270002365112304688 4.2350001335144042969 4.25 5.5409998893737792969 6.7230000495910644531 6.7490000724792480469 6.7760000228881835938 6.8049998283386230469 6.8379998207092285156 6.8720002174377441406 6.9000000953674316406 6.9390001296997070312 6.9710001945495605469 7.0050001144409179688 7.0390000343322753906 7.0739998817443847656 7.1119999885559082031 7.1479997634887695312 7.1869997978210449219 7.2259998321533203125 7.2659997940063476562 7.3070001602172851562 7.3480000495910644531 7.38899993896484375 7.4279999732971191406 7.4730000495910644531 7.5130000114440917969 7.5590000152587890625 7.6030001640319824219 7.6479997634887695312 7.6919999122619628906 7.7369999885559082031 7.7789998054504394531 7.8239998817443847656 6.506999969482421875 4.4770002365112304688 3.4920001029968261719 2.1700000762939453125 2.2349998950958251953 2.1789999008178710938
4.2049999237060546875 4.2140002250671386719 4.4780001640319824219 6.0180001258850097656 6.7020001411437988281 6.7300000190734863281 6.7630000114440917969 6.7899999618530273438 6.8249998092651367188 6.8600001335144042969 6.8930001258850097656 6.9260001182556152344 6.9600000381469726562 6.9980001449584960938 7.0320000648498535156 7.0679998397827148438 7.104000091552734375 7.1430001258850097656 7.1820001602172851562 7.2220001220703125 7.2630000114440917969 7.3000001907348632812 7.3449997901916503906 7.3829998970031738281 7.4279999732971191406 7.4679999351501464844 7.51399993896484375 7.5539999008178710938 7.5980000495910644531 7.645999908447265625 7.6869997978210449219 7.7319998741149902344 7.7740001678466796875 7.8229999542236328125 7.8619999885559082031 7.9050002098083496094 6.7449998855590820312 5.2309999465942382812 3.1930000782012939453 2.4639999866485595703
4.1869997978210449219 4.1859998703002929688 5.0040001869201660156 6.6440000534057617188 6.6789999008178710938 6.7140002250671386719 6.7449998855590820312 6.7779998779296875 6.8109998703002929688 6.8480000495910644531 6.881999969482421875 6.91699981689453125 6.9520001411437988281 6.9869999885559082031 7.0250000953674316406 7.0609998703002929688 7.0980000495910644531 7.1370000839233398438 7.173999786376953125 7.2179999351501464844 7.2550001144409179688 7.3000001907348632812 7.3410000801086425781 7.3829998970031738281 7.4219999313354492188 7.465000152587890625 7.5079998970031738281 7.5520000457763671875 7.5989999771118164062 7.6430001258850097656 7.6880002021789550781 7.7300000190734863281 7.7750000953674316406 7.8210000991821289062 7.86100006103515625 7.9010000228881835938 7.9390001296997070312 7.9800000190734863281 8.0220003128051757812 7.0240001678466796875
4.1680002212524414062 4.145999908447265625 5.6240000724792480469 6.618000030517578125 6.6550002098083496094 6.6900000572204589844 6.7239999771118164062 6.7620000839233398438 6.798999786376953125 6.8350000381469726562 6.868000030517578125 6.9070000648498535156 6.9419999122619628906 6.979000091552734375 7.0149998664855957031 7.0520000457763671875 7.0920000076293945312 7.1290001869201660156 7.1719999313354492188 7.2100000381469726562 7.2540001869201660156 7.29199981689453125 7.3369998931884765625 7.3790001869201660156 7.4190001487731933594 7.4609999656677246094 7.5050001144409179688 7.5479998588562011719 7.5920000076293945312 7.6399998664855957031 7.6820001602172851562 7.7270002365112304688 7.7729997634887695312 7.8159999847412109375 7.8590002059936523438 7.8969998359680175781 7.9380002021789550781 7.9759998321533203125 8.0179996490478515625 8.0609998703002929688
8.4759998321533203125 8.4989995956420898438 8.5220003128051757812 8.5450000762939453125 6.6339998245239257812 6.6710000038146972656 6.7100000381469726562 6.7410001754760742188 6.7529997825622558594 6.3990001678466796875 6.854000091552734375 6.8940000534057617188 6.9299998283386230469 6.9699997901916503906 7.006999969482421875 7.0450000762939453125 7.0850000381469726562 7.1230001449584960938 7.1640000343322753906 7.2049999237060546875 7.2459998130798339844 7.2880001068115234375 7.33300018310546875 7.375 7.4149999618530273438 7.45800018310546875 7.5009999275207519531 7.5450000762939453125 7.5890002250671386719 7.6339998245239257812 7.6789999008178710938 7.7239999771118164062 7.7670001983642578125 7.8140001296997070312 7.854000091552734375 7.8920001983642578125 7.9340000152587890625 7.9749999046325683594 8.0179996490478515625 8.0570001602172851562
4.1840000152587890625 4.9660000801086425781 6.5630002021789550781 6.6189999580383300781 8.576000213623046875 8.59799957275390625 8.6210002899169921875 8.6429996490478515625 8.6660003662109375 6.8090000152587890625 6.8449997901916503906 6.8839998245239257812 6.9200000762939453125 6.9569997787475585938 6.9970002174377441406 7.0380001068115234375 7.076000213623046875 7.1160001754760742188 7.1570000648498535156 7.1989998817443847656 7.2410001754760742188 7.2829999923706054688 7.3249998092651367188 7.3709998130798339844 7.409999847412109375 7.4539999961853027344 7.4970002174377441406 7.5409998893737792969 7.5850000381469726562 7.6300001144409179688 7.6750001907348632812 7.7210001945495605469 7.76399993896484375 7.8080000877380371094 7.8489999771118164062 7.8899998664855957031 7.9320001602172851562 7.9739999771118164062 8.01399993896484375 8.0539999008178710938
4.2119998931884765625 5.375 6.6529998779296875 6.6680002212524414062 6.6810002326965332031 6.7049999237060546875 6.7329998016357421875 6.7610001564025878906 6.7870001792907714844 8.6969995498657226562 8.7200002670288085938 8.743000030517578125 8.7659997940063476562 8.7889995574951171875 6.9899997711181640625 6.7610001564025878906 6.6430001258850097656 7.1100001335144042969 7.1500000953674316406 7.1939997673034667969 7.2369999885559082031 7.2779998779296875 7.3200001716613769531 7.3619999885559082031 7.4060001373291015625 7.4489998817443847656 7.493000030517578125 7.5329999923706054688 7.5780000686645507812 7.5190000534057617188 7.3420000076293945312 7.6290001869201660156 7.7600002288818359375 7.8049998283386230469 7.8460001945495605469 7.8850002288818359375 7.9299998283386230469 7.9689998626708984375 8.0089998245239257812 8.0530004501342773438
