data/Outputs10m/Run_1.asc
ncols        104
nrows        112
xllcorner    470406.491399999999
yllcorner    4439304.785899999551
cellsize     9.997971000000
NODATA_value  nan
[rows 54 to 71 of 112, columns 40 to 79 of 104]
2.4619998931884765625 3.1809999942779541016 2.7269999980926513672 3.4500000476837158203 3.9690001010894775391 3.8859999179840087891 4.0460000038146972656 4.2800002098083496094 4.3229999542236328125 4.3990001678466796875 4.3509998321533203125 4.3130002021789550781 4.4460000991821289062 4.8779997825622558594 3.9509999752044677734 6.0640001296997070312 7.048999786376953125 8.2829999923706054688 9.180999755859375 9.229999542236328125 9.2819995880126953125 9.326000213623046875 9.368000030517578125 9.4110002517700195312 9.4540004730224609375 9.4980001449584960938 9.54199981689453125 9.5869998931884765625 9.6300001144409179688 9.6700000762939453125 9.7139997482299804688 9.756999969482421875 11.065999984741210938 11.107000350952148438 11.149000167846679688 9.9549999237060546875 10.017999649047851562 10.074999809265136719 10.123999595642089844 10.168999671936035156
2.8410000801086425781 2.7119998931884765625 3.4960000514984130859 3.7009999752044677734 4.0100002288818359375 4.0630002021789550781 4.1659998893737792969 3.9489998817443847656 3.8789999485015869141 4.2020001411437988281 3.9249999523162841797 4.3660001754760742188 4.4279999732971191406 4.8119997978210449219 4.6440000534057617188 4.131999969482421875 4.1490001678466796875 4.23600006103515625 4.6649999618530273438 7.1059999465942382812 9.3070001602172851562 9.3520002365112304688 9.3929996490478515625 9.4350004196166992188 9.4779996871948242188 9.5220003128051757812 9.562999725341796875 9.6070003509521484375 9.65200042724609375 9.6960000991821289062 9.7410001754760742188 9.7880001068115234375 9.8350000381469726562 9.8839998245239257812 11.189999580383300781 11.232999801635742188 11.276000022888183594 10.102999687194824219 10.1529998779296875 10.203000068664550781
3.4960000514984130859 3.2160000801086425781 3.4749999046325683594 3.8499999046325683594 3.9460000991821289062 4.0180001258850097656 4.0260000228881835938 3.6809999942779541016 3.8910000324249267578 3.9639999866485595703 4.0780000686645507812 4.1370000839233398438 4.4470000267028808594 4.6989998817443847656 4.3090000152587890625 4.3000001907348632812 4.41699981689453125 4.2880001068115234375 4.6989998817443847656 4.8359999656677246094 5.0430002212524414062 6.4250001907348632812 9.1029996871948242188 9.4600000381469726562 9.5019998550415039062 9.5459995269775390625 9.590000152587890625 9.6309995651245117188 9.6759996414184570312 9.7209997177124023438 9.76399993896484375 9.812000274658203125 9.86100006103515625 9.9079999923706054688 9.9670000076293945312 10.0279998779296875 11.317999839782714844 11.36100006103515625 11.406000137329101562 10.232000350952148438
3.5360000133514404297 3.5780000686645507812 3.5599999427795410156 3.7219998836517333984 3.7720000743865966797 3.4379999637603759766 3.5130000114440917969 3.5680000782012939453 3.6559998989105224609 3.73600006103515625 3.8250000476837158203 3.5610001087188720703 3.4230000972747802734 3.6989998817443847656 3.6140000820159912109 3.3859999179840087891 3.5480000972747802734 4.3119997978210449219 4.5120000839233398438 4.7470002174377441406 4.8080000877380371094 4.6539998054504394531 4.5640001296997070312 5.0479998588562011719 7.2210001945495605469 9.5659999847412109375 9.6099996566772460938 9.6540002822875976562 9.6990003585815429688 9.7419996261596679688 9.7889995574951171875 9.8369998931884765625 9.8859996795654296875 9.9329996109008789062 9.9969997406005859375 10.050000190734863281 10.107999801635742188 10.159999847412109375 11.449000358581542969 11.494000434875488281
3.3519999980926513672 3.4249999523162841797 3.6050000190734863281 3.8740000724792480469 3.7100000381469726562 3.2969999313354492188 3.3450000286102294922 3.6579999923706054688 3.7469999790191650391 3.8289999961853027344 4.0799999237060546875 3.5269999504089355469 3.4370000362396240234 3.5160000324249267578 3.5789999961853027344 3.6189999580383300781 3.6300001144409179688 3.7960000038146972656 4.3740000724792480469 4.4289999008178710938 4.5939998626708984375 4.5430002212524414062 4.5570001602172851562 4.4800000190734863281 4.7239999771118164062 4.7789998054504394531 5.0029997825622558594 7.7259998321533203125 9.7220001220703125 9.7679996490478515625 9.8149995803833007812 9.8599996566772460938 9.909000396728515625 9.9630002975463867188 10.017000198364257812 10.06999969482421875 10.125 10.18000030517578125 10.237999916076660156 10.298000335693359375
2.8239998817443847656 2.7349998950958251953 3.5980000495910644531 3.8029999732971191406 3.6329998970031738281 3.9360001087188720703 3.6240000724792480469 3.7420001029968261719 3.8310000896453857422 4.1690001487731933594 3.7369999885559082031 3.6349999904632568359 3.4509999752044677734 3.4619998931884765625 3.4960000514984130859 3.5629999637603759766 3.5950000286102294922 3.5810000896453857422 3.6930000782012939453 3.5950000286102294922 3.6589999198913574219 4.0380001068115234375 4.6279997825622558594 4.5999999046325683594 4.6760001182556152344 4.7769999504089355469 4.8270001411437988281 5.0229997634887695312 5.034999847412109375 6.3550000190734863281 9.8339996337890625 9.881999969482421875 9.9289999008178710938 9.9849996566772460938 10.036000251770019531 10.088999748229980469 10.142999649047851562 10.201000213623046875 10.258000373840332031 10.312999725341796875
2.4660000801086425781 2.4440000057220458984 3.5380001068115234375 3.9470000267028808594 3.9969999790191650391 4.0440001487731933594 4.1129999160766601562 4.0149998664855957031 4.3350000381469726562 3.9419999122619628906 3.8699998855590820312 3.7460000514984130859 3.2390000820159912109 3.2230000495910644531 3.4479999542236328125 3.5339999198913574219 3.6080000400543212891 3.6640000343322753906 3.6870000362396240234 3.6870000362396240234 3.7079999446868896484 3.743000030517578125 3.6129999160766601562 3.7650001049041748047 4.0390000343322753906 4.6030001640319824219 4.7170000076293945312 4.7670001983642578125 4.9010000228881835938 4.9050002098083496094 5.4670000076293945312 7.3920001983642578125 9.9530000686645507812 10.003000259399414062 10.057000160217285156 10.107000350952148438 10.163000106811523438 10.218000411987304688 10.274000167846679688 10.331999778747558594
4.1550002098083496094 2.645999908447265625 3.4300000667572021484 3.8719999790191650391 4.1170001029968261719 4.0910000801086425781 4.159999847412109375 4.1649999618530273438 4.131999969482421875 4.1230001449584960938 3.9709999561309814453 3.8350000381469726562 3.7420001029968261719 3.4949998855590820312 3.5030000209808349609 3.604000091552734375 3.6140000820159912109 3.6310000419616699219 3.7420001029968261719 3.6140000820159912109 3.7939999103546142578 3.7490000724792480469 3.7070000171661376953 3.7699999809265136719 3.8250000476837158203 3.7980000972747802734 3.8689999580383300781 4.1079998016357421875 4.979000091552734375 4.9070000648498535156 5.118000030517578125 5.2760000228881835938 5.9949998855590820312 7.7950000762939453125 10.071000099182128906 10.123000144958496094 10.175999641418457031 10.234000205993652344 10.288999557495117188 10.345999717712402344
2.7869999408721923828 3.2009999752044677734 3.6740000247955322266 4.0370001792907714844 4.1329998970031738281 3.7929999828338623047 3.9560000896453857422 4.3119997978210449219 4.33300018310546875 4.3489999771118164062 4.2969999313354492188 4.3080000877380371094 4.284999847412109375 3.9000000953674316406 4.0089998245239257812 3.9820001125335693359 4.5339999198913574219 3.6519999504089355469 3.6530001163482666016 3.7469999790191650391 3.7929999828338623047 3.7720000743865966797 3.8159999847412109375 3.7109999656677246094 3.8110001087188720703 3.7929999828338623047 3.9100000858306884766 4.020999908447265625 4.1209998130798339844 4.0879998207092285156 4.1649999618530273438 4.2369999885559082031 4.395999908447265625 5.1469998359680175781 5.2769999504089355469 7.1659998893737792969 10.16699981689453125 10.248000144958496094 10.303000450134277344 10.359000205993652344
3.4609999656677246094 3.7650001049041748047 4.1069998741149902344 3.98600006103515625 3.9709999561309814453 4.1310000419616699219 4.0479998588562011719 3.7449998855590820312 3.9519999027252197266 4.2659997940063476562 4.2090001106262207031 4.04199981689453125 4.3119997978210449219 4.423999786376953125 4.4109997749328613281 4.2340002059936523438 4.3569998741149902344 4.5009999275207519531 3.5820000171661376953 3.7100000381469726562 3.6879999637603759766 3.8259999752044677734 3.8450000286102294922 3.7669999599456787109 3.8220000267028808594 3.8489999771118164062 3.9260001182556152344 4.0250000953674316406 3.9939999580383300781 4.1370000839233398438 4.1929998397827148438 4.3140001296997070312 4.3740000724792480469 4.2189998626708984375 4.9039998054504394531 5.3119997978210449219 5.4499998092651367188 6.0549998283386230469 9.6149997711181640625 10.371000289916992188
4.1310000419616699219 4.1579999923706054688 4.3870000839233398438 4.4000000953674316406 4.0529999732971191406 3.7320001125335693359 3.4159998893737792969 3.4219999313354492188 3.2509999275207519531 3.7349998950958251953 3.9279999732971191406 3.6849999427795410156 3.6679999828338623047 4.1760001182556152344 4.4800000190734863281 4.3489999771118164062 4.3070001602172851562 4.3200001716613769531 4.3579998016357421875 3.6500000953674316406 3.5889999866485595703 3.9030001163482666016 3.9010000228881835938 3.8870000839233398438 3.8770000934600830078 3.9130001068115234375 3.9319999217987060547 4.0009999275207519531 4.1339998245239257812 4.1820001602172851562 4.2870001792907714844 4.3280000686645507812 4.3119997978210449219 4.2820000648498535156 4.3319997787475585938 4.3740000724792480469 4.79199981689453125 5.5980000495910644531 5.8530001640319824219 7.6970000267028808594
2.6059999465942382812 2.9719998836517333984 4.4039998054504394531 4.29199981689453125 4.0920000076293945312 3.9170000553131103516 3.4920001029968261719 3.2070000171661376953 3.2339999675750732422 3.5420000553131103516 3.7590000629425048828 3.5529999732971191406 3.5599999427795410156 3.9920001029968261719 4.1310000419616699219 4.29199981689453125 4.270999908447265625 4.4429998397827148438 4.4899997711181640625 4.2140002250671386719 4.4210000038146972656 4.4879999160766601562 4.3979997634887695312 4.3899998664855957031 4.5170001983642578125 3.9370000362396240234 3.9769999980926513672 4.0180001258850097656 4.1300001144409179688 4.1020002365112304688 4.1690001487731933594 4.2220001220703125 4.284999847412109375 4.3979997634887695312 4.3629999160766601562 4.3280000686645507812 4.4250001907348632812 4.5120000839233398438 4.5320000648498535156 5.3550000190734863281
2.0009999275207519531 2.2790000438690185547 3.3269999027252197266 3.7609999179840087891 4.2220001220703125 4.6960000991821289062 4.7589998245239257812 4.1820001602172851562 3.5499999523162841797 3.8940000534057617188 4.1079998016357421875 3.8710000514984130859 3.7349998950958251953 3.7860000133514404297 4.1170001029968261719 4.131999969482421875 4.2600002288818359375 4.2540001869201660156 4.4569997787475585938 4.3359999656677246094 4.3940000534057617188 4.5279998779296875 4.58300018310546875 4.6750001907348632812 4.6529998779296875 4.625 5.1339998245239257812 5.2199997901916503906 3.9839999675750732422 4.1149997711181640625 4.1449999809265136719 4.1859998703002929688 4.29199981689453125 4.3489999771118164062 4.3499999046325683594 4.4029998779296875 4.5609998703002929688 4.6560001373291015625 4.5289998054504394531 4.6199998855590820312
1.7319999933242797852 1.8899999856948852539 2.0550000667572021484 2.2929999828338623047 2.7699999809265136719 3.1059999465942382812 3.4769999980926513672 4.2680001258850097656 5.0079998970031738281 4.7950000762939453125 4.3010001182556152344 3.6559998989105224609 3.8759999275207519531 3.9630000591278076172 4.0050001144409179688 3.7969999313354492188 4.1469998359680175781 4.2909998893737792969 4.2579998970031738281 3.8699998855590820312 3.9240000247955322266 4.4050002098083496094 4.1789999008178710938 4.8449997901916503906 4.1030001640319824219 4.0989999771118164062 4.95800018310546875 5.0229997634887695312 4.9539999961853027344 5.0289998054504394531 4.5019998550415039062 4.8590002059936523438 4.2449998855590820312 4.2690000534057617188 4.3270001411437988281 4.3949999809265136719 4.5370001792907714844 4.58300018310546875 4.5840001106262207031 4.5980000495910644531
1.7200000286102294922 1.8940000534057617188 1.8609999418258666992 1.8519999980926513672 2.2309999465942382812 2.4760000705718994141 2.8469998836517333984 3.5899999141693115234 3.9300000667572021484 4.2680001258850097656 5.0269999504089355469 4.8720002174377441406 4.5409998893737792969 3.9200000762939453125 3.3220000267028808594 3.8029999732971191406 3.8269999027252197266 3.8269999027252197266 3.9130001068115234375 3.770999908447265625 3.8489999771118164062 4.3270001411437988281 4.2480001449584960938 4.6929998397827148438 3.2679998874664306641 3.1119999885559082031 2.7579998970031738281 2.7030000686645507812 4.7680001258850097656 5.284999847412109375 5.3509998321533203125 5.4520001411437988281 5.4530000686645507812 5.381999969482421875 4.9980001449584960938 4.3800001144409179688 4.5060000419616699219 4.5149998664855957031 4.5980000495910644531 4.659999847412109375
1.9919999837875366211 2.1140000820159912109 2.1329998970031738281 2.0239999294281005859 1.9370000362396240234 2.1909999847412109375 2.7780001163482666016 3.2000000476837158203 3.6930000782012939453 3.8880000114440917969 4.0310001373291015625 4.131999969482421875 4.3520002365112304688 4.1030001640319824219 4.1840000152587890625 2.9969999790191650391 3.125 3.7950000762939453125 3.75 3.9100000858306884766 4.2309999465942382812 4.1750001907348632812 4.534999847412109375 4.368000030517578125 2.8169999122619628906 2.3829998970031738281 2.6229999065399169922 2.2479999065399169922 1.9349999427795410156 5.1490001678466796875 4.840000152587890625 4.8070001602172851562 5.2039999961853027344 5.4549999237060546875 5.5159997940063476562 5.6189999580383300781 5.3489999771118164062 4.7449998855590820312 4.6350002288818359375 4.7030000686645507812
1.8980000019073486328 2.0750000476837158203 2.2520000934600830078 2.4019999504089355469 2.3970000743865966797 2.3949999809265136719 2.7539999485015869141 2.9110000133514404297 3.5469999313354492188 3.6010000705718994141 3.1649999618530273438 3.6770000457763671875 2.7599999904632568359 2.9749999046325683594 3.3840000629425048828 3.5959999561309814453 3.6630001068115234375 3.7200000286102294922 3.7269999980926513672 3.9379999637603759766 3.9330000877380371094 4.3800001144409179688 4.4590001106262207031 4.61100006103515625 4.7059998512268066406 3.0469999313354492188 2.1740000247955322266 1.9450000524520874023 1.6100000143051147461 4.9879999160766601562 4.1519999504089355469 4.0289998054504394531 4.368000030517578125 4.6830000877380371094 4.7670001983642578125 5.3159999847412109375 5.5910000801086425781 5.61100006103515625 5.5219998359680175781 5.6770000457763671875
1.4440000057220458984 1.6519999504089355469 2.1610000133514404297 2.2899999618530273438 2.5769999027252197266 2.6819999217987060547 2.8020000457763671875 2.7950000762939453125 3.1600000858306884766 3.2690000534057617188 2.770999908447265625 2.9570000171661376953 3.020999908447265625 2.8210000991821289062 2.8770000934600830078 2.8510000705718994141 3.0030000209808349609 3.5780000686645507812 3.4130001068115234375 3.0539999008178710938 3.8689999580383300781 4.784999847412109375 4.8210000991821289062 4.7350001335144042969 4.756999969482421875 4.7059998512268066406 4.7750000953674316406 3.9210000038146972656 3.8199999332427978516 4.3600001335144042969 3.8250000476837158203 3.9040000438690185547 4.1230001449584960938 4.3159999847412109375 4.1220002174377441406 4.5180001258850097656 5.076000213623046875 5.6189999580383300781 5.38899993896484375 5.618000030517578125
