data/Outputs5m/Run_1.asc
ncols        208
nrows        223
xllcorner    470406.491399999999
yllcorner    4439304.785899999551
cellsize     4.998986000000
NODATA_value  nan
[rows 72 to 89 of 223, columns 0 to 39 of 208]
4.3829998970031738281 4.3829998970031738281 4.5819997787475585938 5.4619998931884765625 6.3420000076293945312 6.8420000076293945312 6.8509998321533203125 6.8619999885559082031 6.8720002174377441406 6.8839998245239257812 6.895999908447265625 6.9079999923706054688 6.9210000038146972656 6.9299998283386230469 6.6409997940063476562 6.3159999847412109375 6.3689999580383300781 6.4499998092651367188 6.3660001754760742188 6.6630001068115234375 6.9060001373291015625 6.8600001335144042969 6.9450001716613769531 7.0720000267028808594 7.0869998931884765625 7.1009998321533203125 7.1189999580383300781 7.131999969482421875 7.1479997634887695312 7.1659998893737792969 9.0050001144409179688 9.0159997940063476562 9.02700042724609375 9.0380001068115234375 9.048999786376953125 9.0600004196166992188 9.0719995498657226562 7.3150000572204589844 7.3359999656677246094 7.3550000190734863281
4.4050002098083496094 4.4060001373291015625 4.5560002326965332031 5.451000213623046875 6.3340001106262207031 6.8639998435974121094 6.8740000724792480469 6.8839998245239257812 6.8940000534057617188 6.9050002098083496094 6.91699981689453125 6.9260001182556152344 6.9409999847412109375 6.6820001602172851562 6.5240001678466796875 6.3689999580383300781 6.340000152587890625 6.3319997787475585938 6.3670001029968261719 6.3039999008178710938 5.8880000114440917969 6.0279998779296875 6.1240000724792480469 7.090000152587890625 7.1069998741149902344 7.1189999580383300781 7.1370000839233398438 7.1519999504089355469 7.16699981689453125 7.1820001602172851562 7.1970000267028808594 7.2160000801086425781 7.2160000801086425781 7.1840000152587890625 7.2670001983642578125 7.2829999923706054688 9.08300018310546875 9.0939998626708984375 9.104999542236328125 9.1160001754760742188
4.4279999732971191406 4.4279999732971191406 4.5180001258850097656 5.5890002250671386719 6.3010001182556152344 6.8860001564025878906 6.8949999809265136719 6.9050002098083496094 6.9159998893737792969 6.9260001182556152344 6.9380002021789550781 6.9489998817443847656 6.9609999656677246094 6.798999786376953125 6.5770001411437988281 6.4739999771118164062 6.4229998588562011719 6.4600000381469726562 6.45800018310546875 6.0879998207092285156 5.9000000953674316406 6.0269999504089355469 5.7950000762939453125 6.5739998817443847656 7.125 7.13899993896484375 7.1539998054504394531 7.1719999313354492188 7.1840000152587890625 7.1989998817443847656 7.2140002250671386719 7.2319998741149902344 7.2480001449584960938 7.2670001983642578125 7.2820000648498535156 7.3010001182556152344 7.3159999847412109375 7.33300018310546875 7.3520002365112304688 7.368000030517578125
4.4489998817443847656 4.4499998092651367188 4.5 5.5739998817443847656 6.29199981689453125 6.9079999923706054688 6.91699981689453125 6.9260001182556152344 6.9359998703002929688 6.9470000267028808594 6.9609999656677246094 6.9689998626708984375 6.9840002059936523438 6.4619998931884765625 6.5720000267028808594 6.63899993896484375 6.5240001678466796875 6.5640001296997070312 6.4800000190734863281 6.3930001258850097656 6.6900000572204589844 6.4809999465942382812 6.1960000991821289062 6.0390000343322753906 7.1420001983642578125 7.1589999198913574219 7.1710000038146972656 7.1849999427795410156 7.2030000686645507812 7.2179999351501464844 7.2329998016357421875 7.2480001449584960938 7.2670001983642578125 7.2820000648498535156 7.2979998588562011719 7.3159999847412109375 7.3350000381469726562 7.3509998321533203125 7.3670001029968261719 7.3860001564025878906
4.4710001945495605469 4.4710001945495605469 4.4720001220703125 5.5399999618530273438 6.4479999542236328125 6.9289999008178710938 6.9380002021789550781 6.9470000267028808594 6.9569997787475585938 6.9670000076293945312 6.9809999465942382812 6.9889998435974121094 7.0029997825622558594 6.66699981689453125 6.6030001640319824219 6.9289999008178710938 7.0520000457763671875 6.7719998359680175781 6.381999969482421875 6.3309998512268066406 6.3839998245239257812 6.6999998092651367188 6.298999786376953125 6.6939997673034667969 7.1589999198913574219 7.1729998588562011719 7.1869997978210449219 7.2020001411437988281 7.2199997901916503906 7.2340002059936523438 7.2490000724792480469 7.26399993896484375 7.2829999923706054688 7.3010001182556152344 7.3159999847412109375 7.3350000381469726562 7.3499999046325683594 7.3660001754760742188 7.3850002288818359375 7.4010000228881835938
4.4920001029968261719 4.4920001029968261719 4.493000030517578125 5.5180001258850097656 6.4289999008178710938 6.9489998817443847656 6.95800018310546875 6.9670000076293945312 6.9770002365112304688 6.9869999885559082031 6.9970002174377441406 7.0110001564025878906 7.0219998359680175781 7.0339999198913574219 6.6100001335144042969 6.8470001220703125 7.0700001716613769531 7.0850000381469726562 7.0949997901916503906 7.11100006103515625 7.1149997711181640625 7.131999969482421875 7.1510000228881835938 7.1620001792907714844 7.1760001182556152344 7.1900000572204589844 7.2069997787475585938 7.2210001945495605469 7.23600006103515625 7.25 7.2680001258850097656 7.2829999923706054688 7.2979998588562011719 7.3159999847412109375 7.3319997787475585938 7.3499999046325683594 7.3660001754760742188 7.3839998245239257812 7.4000000953674316406 7.4190001487731933594
4.5120000839233398438 4.5120000839233398438 4.5130000114440917969 5.5019998550415039062 6.4149999618530273438 6.9689998626708984375 6.9780001640319824219 6.9869999885559082031 7 7.0060000419616699219 7.0199999809265136719 7.0300002098083496094 7.0440001487731933594 7.0529999732971191406 6.70800018310546875 6.7350001335144042969 7.0910000801086425781 7.1030001640319824219 7.1160001754760742188 7.1290001869201660156 7.1420001983642578125 7.1550002098083496094 7.1680002212524414062 7.1820001602172851562 7.1950001716613769531 7.2090001106262207031 7.2230000495910644531 7.2379999160766601562 7.2550001144409179688 7.2690000534057617188 7.2839999198913574219 7.298999786376953125 7.3169999122619628906 7.3350000381469726562 7.3499999046325683594 7.3649997711181640625 7.3839998245239257812 7.3990001678466796875 7.4149999618530273438 7.4340000152587890625
4.5320000648498535156 4.5320000648498535156 4.7309999465942382812 5.4670000076293945312 6.3860001564025878906 6.9889998435974121094 6.9970002174377441406 7.0089998245239257812 7.0159997940063476562 7.0289998054504394531 7.0390000343322753906 7.048999786376953125 7.0630002021789550781 7.0739998817443847656 6.9939999580383300781 6.6370000839233398438 7.0689997673034667969 7.1209998130798339844 7.1329998970031738281 7.145999908447265625 7.1589999198913574219 7.1719999313354492188 7.1849999427795410156 7.1979999542236328125 7.2119998931884765625 7.2259998321533203125 7.243000030517578125 7.256999969482421875 7.270999908447265625 7.284999847412109375 7.3000001907348632812 7.3169999122619628906 7.3319997787475585938 7.3499999046325683594 7.3649997711181640625 7.3800001144409179688 7.3990001678466796875 7.4140000343322753906 7.4330000877380371094 7.4489998817443847656
4.5479998588562011719 4.5520000457763671875 4.7020001411437988281 5.4409999847412109375 6.3660001754760742188 7.0079998970031738281 7.0159997940063476562 7.0250000953674316406 7.0380001068115234375 7.0469999313354492188 7.0599999427795410156 7.0679998397827148438 7.0809998512268066406 7.0920000076293945312 7.1030001640319824219 6.9689998626708984375 7.1300001144409179688 7.1420001983642578125 7.1510000228881835938 7.1630001068115234375 7.1760001182556152344 7.1890001296997070312 7.2020001411437988281 6.1630001068115234375 6.1430001258850097656 6.4800000190734863281 6.8289999961853027344 7.2729997634887695312 7.2899999618530273438 7.3010001182556152344 7.3179998397827148438 7.3359999656677246094 7.3480000495910644531 7.3649997711181640625 7.3829998970031738281 7.3979997634887695312 7.4140000343322753906 7.4320001602172851562 7.451000213623046875 7.4629998207092285156
4.5669999122619628906 4.5710000991821289062 4.5710000991821289062 5.5970001220703125 6.3449997901916503906 7.0269999504089355469 7.034999847412109375 7.0469999313354492188 7.0529999732971191406 7.0659999847412109375 7.076000213623046875 7.0859999656677246094 7.0989999771118164062 7.1100001335144042969 7.1209998130798339844 7.131999969482421875 7.1440000534057617188 7.1589999198913574219 7.1680002212524414062 7.1830000877380371094 7.1960000991821289062 7.20800018310546875 7.2179999351501464844 7.1370000839233398438 6.3150000572204589844 6.3099999427795410156 6.3569998741149902344 6.6420001983642578125 7.3049998283386230469 7.3159999847412109375 7.3340001106262207031 7.3509998321533203125 7.3660001754760742188 7.3800001144409179688 7.3979997634887695312 7.4130001068115234375 7.4310002326965332031 7.4470000267028808594 7.465000152587890625 7.4809999465942382812
4.5859999656677246094 4.5859999656677246094 4.590000152587890625 5.5599999427795410156 6.3119997978210449219 7.0450000762939453125 7.0539999008178710938 7.0650000572204589844 7.0739998817443847656 7.0840001106262207031 7.0939998626708984375 7.1069998741149902344 7.1170001029968261719 7.125 7.13899993896484375 7.1500000953674316406 7.1609997749328613281 7.1760001182556152344 7.1880002021789550781 7.1999998092651367188 7.2119998931884765625 7.2249999046325683594 7.2379999160766601562 7.2509999275207519531 7.26399993896484375 6.895999908447265625 6.9759998321533203125 6.7649998664855957031 7.2810001373291015625 7.243000030517578125 7.3489999771118164062 7.3660001754760742188 7.3810000419616699219 7.3979997634887695312 7.4130001068115234375 7.4279999732971191406 7.4460000991821289062 7.4609999656677246094 7.479000091552734375 7.4949998855590820312
4.6009998321533203125 4.604000091552734375 4.6079998016357421875 5.54199981689453125 6.4850001335144042969 7.0630002021789550781 7.0720000267028808594 7.08300018310546875 7.0920000076293945312 7.1020002365112304688 7.11100006103515625 7.1209998130798339844 7.1310000419616699219 7.1420001983642578125 7.1560001373291015625 7.16699981689453125 7.1779999732971191406 7.1929998397827148438 7.2039999961853027344 7.2160000801086425781 7.229000091552734375 7.2410001754760742188 7.2540001869201660156 7.2670001983642578125 7.2800002098083496094 7.2930002212524414062 7.3090000152587890625 7.3229999542236328125 7.3359999656677246094 7.3530001640319824219 7.3639998435974121094 7.3810000419616699219 7.3990001678466796875 7.4130001068115234375 7.4279999732971191406 7.4460000991821289062 7.4640002250671386719 7.479000091552734375 7.4939999580383300781 7.5120000839233398438
4.6220002174377441406 4.6220002174377441406 4.6259999275207519531 5.5019998550415039062 6.4539999961853027344 7.0809998512268066406 7.0890002250671386719 7.1009998321533203125 7.1100001335144042969 7.1160001754760742188 7.1290001869201660156 7.1380000114440917969 7.1519999504089355469 7.1589999198913574219 7.1729998588562011719 7.1869997978210449219 7.1950001716613769531 7.2090001106262207031 7.2210001945495605469 7.23600006103515625 7.2449998855590820312 7.256999969482421875 7.2729997634887695312 7.284999847412109375 7.2979998588562011719 7.3109998703002929688 7.3249998092651367188 7.3379998207092285156 7.3509998321533203125 7.368000030517578125 7.381999969482421875 7.3990001678466796875 7.4130001068115234375 7.4310002326965332031 7.4450001716613769531 7.4600000381469726562 7.4780001640319824219 7.493000030517578125 7.5110001564025878906 7.5260000228881835938
4.6399998664855957031 4.6430001258850097656 4.6440000534057617188 5.4710001945495605469 6.4260001182556152344 7.0980000495910644531 7.1069998741149902344 7.118000030517578125 7.1269998550415039062 7.1360001564025878906 7.145999908447265625 7.1550002098083496094 7.1680002212524414062 7.1760001182556152344 7.1890001296997070312 7.2030000686645507812 7.2140002250671386719 7.2259998321533203125 7.2369999885559082031 7.2519998550415039062 7.2610001564025878906 7.2760000228881835938 7.2880001068115234375 7.3010001182556152344 7.3140001296997070312 7.3270001411437988281 7.3429999351501464844 7.3559999465942382812 7.3699998855590820312 7.3829998970031738281 7.4000000953674316406 7.4140000343322753906 7.4279999732971191406 7.4450001716613769531 7.4600000381469726562 7.4739999771118164062 7.4920001029968261719 7.5100002288818359375 7.5250000953674316406 7.5399999618530273438
4.6570000648498535156 4.659999847412109375 4.6700000762939453125 5.4479999542236328125 6.409999847412109375 7.1149997711181640625 7.1240000724792480469 7.131999969482421875 7.1409997940063476562 7.1529998779296875 7.1620001792907714844 7.1719999313354492188 7.1849999427795410156 7.1950001716613769531 7.2059998512268066406 7.2189998626708984375 7.2329998016357421875 7.2420001029968261719 7.2529997825622558594 7.2680001258850097656 7.2800002098083496094 7.29199981689453125 7.3039999008178710938 7.3159999847412109375 7.3289999961853027344 7.3420000076293945312 7.3579998016357421875 7.3709998130798339844 7.3839998245239257812 7.4010000228881835938 7.4149999618530273438 7.4310002326965332031 7.4419999122619628906 7.4600000381469726562 7.4770002365112304688 7.4939999580383300781 7.5060000419616699219 7.5240001678466796875 7.54199981689453125 7.5570001602172851562
4.6770000457763671875 4.6770000457763671875 4.6779999732971191406 5.590000152587890625 6.3689999580383300781 7.131999969482421875 7.1399998664855957031 7.1490001678466796875 7.1570000648498535156 7.1690001487731933594 7.1789999008178710938 7.1880002021789550781 7.201000213623046875 7.2109999656677246094 7.2220001220703125 7.23600006103515625 7.2459998130798339844 7.2610001564025878906 7.2690000534057617188 7.2829999923706054688 7.2950000762939453125 7.3070001602172851562 7.3189997673034667969 7.3319997787475585938 7.3470001220703125 7.3569998741149902344 7.3730001449584960938 7.3860001564025878906 7.4019999504089355469 7.4159998893737792969 7.4289999008178710938 7.4460000991821289062 7.4600000381469726562 7.4770002365112304688 7.4910001754760742188 7.5079998970031738281 7.5229997634887695312 7.5380001068115234375 7.5560002326965332031 7.5710000991821289062
4.6929998397827148438 4.6929998397827148438 4.6939997673034667969 5.5669999122619628906 6.3480000495910644531 7.1490001678466796875 7.1570000648498535156 7.1680002212524414062 7.173999786376953125 7.1859998703002929688 7.1950001716613769531 7.2039999961853027344 7.2170000076293945312 7.2270002365112304688 7.2410001754760742188 7.2509999275207519531 7.2620000839233398438 7.2760000228881835938 7.2870001792907714844 7.298999786376953125 7.3109998703002929688 7.3220000267028808594 7.3340001106262207031 7.3470001220703125 7.3619999885559082031 7.375 7.3880000114440917969 7.4000000953674316406 7.41699981689453125 7.4299998283386230469 7.4429998397827148438 7.4600000381469726562 7.4770002365112304688 7.4910001754760742188 7.5050001144409179688 7.5219998359680175781 7.5370001792907714844 7.5510001182556152344 7.5689997673034667969 7.5869998931884765625
4.7090001106262207031 4.7090001106262207031 4.7100000381469726562 5.5250000953674316406 6.5170001983642578125 7.1649999618530273438 7.1729998588562011719 7.1840000152587890625 7.1900000572204589844 7.2020001411437988281 7.2109999656677246094 7.2199997901916503906 7.2329998016357421875 7.243000030517578125 7.2560000419616699219 7.2670001983642578125 7.2810001373291015625 7.29199981689453125 7.3029999732971191406 7.3140001296997070312 7.326000213623046875 7.3369998931884765625 7.3520002365112304688 7.3619999885559082031 7.3769998550415039062 7.38899993896484375 7.4050002098083496094 7.4149999618530273438 7.4310002326965332031 7.4470000267028808594 7.4609999656677246094 7.4770002365112304688 7.4910001754760742188 7.5079998970031738281 7.5219998359680175781 7.5359997749328613281 7.5529999732971191406 7.5679998397827148438 7.5819997787475585938 7.5999999046325683594
