data/Outputs5m/Run_1.asc
ncols        208
nrows        223
xllcorner    470406.491399999999
yllcorner    4439304.785899999551
cellsize     4.998986000000
NODATA_value  nan
[rows 0 to 17 of 223, columns 120 to 159 of 208]
1.4830000400543212891 1.4570000171661376953 1.6169999837875366211 2.104000091552734375 2.4590001106262207031 2.3759999275207519531 1.3389999866485595703 0.45399999618530273438 0.65799999237060546875 0.92900002002716064453 1.0599999427795410156 1.1510000228881835938 1.2749999761581420898 1.3179999589920043945 1.3079999685287475586 1.238000035285949707 1.1460000276565551758 1.008999943733215332 0.95999997854232788086 1.379999995231628418 1.3580000400543212891 1.2660000324249267578 1.1740000247955322266 1.2460000514984130859 0.84299999475479125977 1.2139999866485595703 1.2460000514984130859 1.2419999837875366211 1.1890000104904174805 1.1690000295639038086 0.90799999237060546875 0.73900002241134643555 0.4930000007152557373 0.31099998950958251953 0.31499999761581420898 0.30599999427795410156 0.18700000643730163574 0 0 0
1.5740000009536743164 1.5909999608993530273 2.0590000152587890625 2.3840000629425048828 2.4649999141693115234 1.8270000219345092773 0.72000002861022949219 0.72000002861022949219 0.97200000286102294922 1.0779999494552612305 0.91900002956390380859 1.1050000190734863281 1.2690000534057617188 1.3359999656677246094 1.3849999904632568359 1.4149999618530273438 1.3810000419616699219 1.2369999885559082031 1.2280000448226928711 1.4650000333786010742 1.4470000267028808594 1.373000025749206543 1.3170000314712524414 1.368000030517578125 1.3459999561309814453 1.1649999618530273438 1.3530000448226928711 1.3580000400543212891 1.3229999542236328125 1.2120000123977661133 1.011999964714050293 0.77600002288818359375 0.58499997854232788086 0.40299999713897705078 0.16500000655651092529 0.21799999475479125977 0.2020000070333480835 0.050000000745058059692 0 0
1.7660000324249267578 1.7059999704360961914 2.1619999408721923828 2.4409999847412109375 2.4279999732971191406 1.8209999799728393555 0.83600002527236938477 1.1280000209808349609 1.6610000133514404297 1.6390000581741333008 1.4309999942779541016 1.2970000505447387695 1.381999969482421875 1.4179999828338623047 1.4270000457763671875 1.4420000314712524414 1.508999943733215332 1.5520000457763671875 1.6210000514984130859 1.5959999561309814453 1.5720000267028808594 1.5349999666213989258 1.5460000038146972656 1.5850000381469726562 1.5509999990463256836 1.5279999971389770508 1.5030000209808349609 1.501999974250793457 1.4329999685287475586 1.2849999666213989258 1.0609999895095825195 0.72399997711181640625 0.56999999284744262695 0.48800000548362731934 0.21199999749660491943 0.11699999868869781494 0.11699999868869781494 0.023000000044703483582 0 0
1.6729999780654907227 1.6510000228881835938 1.9630000591278076172 2.4590001106262207031 2.1440000534057617188 2.0580000877380371094 1.6310000419616699219 1.6879999637603759766 1.876999974250793457 2.3250000476837158203 1.4249999523162841797 1.4160000085830688477 1.4919999837875366211 1.5279999971389770508 1.5490000247955322266 1.5130000114440917969 1.5609999895095825195 1.5970000028610229492 1.6640000343322753906 1.6879999637603759766 1.7150000333786010742 1.7050000429153442383 1.7020000219345092773 1.7070000171661376953 1.6729999780654907227 1.6380000114440917969 1.6399999856948852539 1.6640000343322753906 1.5099999904632568359 1.3350000381469726562 1.1109999418258666992 0.73400002717971801758 0.59500002861022949219 0.58999997377395629883 0.29800000786781311035 0.048000000417232513428 0.028999999165534973145 0 0 0
1.7330000400543212891 1.7680000066757202148 1.7949999570846557617 1.1809999942779541016 1.2719999551773071289 1.7250000238418579102 1.6670000553131103516 1.8339999914169311523 2.7730000019073486328 2.5260000228881835938 1.6109999418258666992 1.5529999732971191406 1.6009999513626098633 1.6139999628067016602 1.5709999799728393555 1.5369999408721923828 1.5490000247955322266 1.6039999723434448242 1.6890000104904174805 1.7250000238418579102 1.7819999456405639648 1.8279999494552612305 1.8969999551773071289 1.8569999933242797852 1.8289999961853027344 1.7940000295639038086 1.7690000534057617188 1.8140000104904174805 1.5590000152587890625 1.366000056266784668 1.1720000505447387695 0.91399997472763061523 0.6840000152587890625 0.65499997138977050781 0.35400000214576721191 0.10400000214576721191 0 0 0 0
1.6740000247955322266 1.754999995231628418 1.7419999837875366211 1.0369999408721923828 0.91500002145767211914 1.0449999570846557617 1.8519999980926513672 2.0079998970031738281 2.4949998855590820312 2.5739998817443847656 1.7079999446868896484 1.748000025749206543 1.7690000534057617188 1.756999969482421875 1.6740000247955322266 1.5620000362396240234 1.491000056266784668 1.5030000209808349609 1.5180000066757202148 1.6280000209808349609 1.8220000267028808594 1.9010000228881835938 1.9500000476837158203 2.0309998989105224609 2.0759999752044677734 1.9869999885559082031 1.9559999704360961914 1.7840000391006469727 1.629999995231628418 1.4609999656677246094 1.2829999923706054688 1.1039999723434448242 0.90700000524520874023 0.76499998569488525391 0.64099997282028198242 0.54500001668930053711 0.2870000004768371582 0.07199999690055847168 0 0
1.4960000514984130859 1.5770000219345092773 1.0520000457763671875 1.0390000343322753906 1.0329999923706054688 2.0409998893737792969 1.998000025749206543 2.0220000743865966797 2.4370000362396240234 2.5339999198913574219 1.8270000219345092773 1.8539999723434448242 1.8669999837875366211 1.8789999485015869141 1.8669999837875366211 1.4490000009536743164 1.3999999761581420898 1.3999999761581420898 1.4819999933242797852 1.7039999961853027344 1.8719999790191650391 1.879999995231628418 1.9470000267028808594 2.0680000782012939453 2.0680000782012939453 2.0399999618530273438 2.0329999923706054688 1.9129999876022338867 1.7740000486373901367 1.6080000400543212891 1.3509999513626098633 1.2089999914169311523 1.0429999828338623047 0.92799997329711914062 0.56300002336502075195 0.49700000882148742676 0.4189999997615814209 0.32199999690055847168 0 0
1.383999943733215332 1.3990000486373901367 1.0199999809265136719 0.98000001907348632812 1.1840000152587890625 2.0799999237060546875 2.1099998950958251953 2.0160000324249267578 2.1280000209808349609 2.125 1.9550000429153442383 1.9459999799728393555 1.9370000362396240234 1.9149999618530273438 1.9060000181198120117 1.2779999971389770508 1.2170000076293945312 1.2050000429153442383 1.4889999628067016602 1.7690000534057617188 1.8999999761581420898 1.8450000286102294922 1.8380000591278076172 1.9839999675750732422 2.0559999942779541016 2.0620000362396240234 2.0399999618530273438 1.9960000514984130859 1.9190000295639038086 1.7560000419616699219 1.5169999599456787109 1.3960000276565551758 1.248000025749206543 1.0909999608993530273 0.76899999380111694336 0.45899999141693115234 0.54900002479553222656 0.56099998950958251953 0 0
1.1050000190734863281 0.99800002574920654297 0.94199997186660766602 0.91799998283386230469 1.9390000104904174805 2.0759999752044677734 2.1889998912811279297 2.1789999008178710938 1.9049999713897705078 1.8899999856948852539 1.9149999618530273438 1.9939999580383300781 1.9939999580383300781 1.995000004768371582 1.8240000009536743164 1.3519999980926513672 1.0679999589920043945 1.0470000505447387695 1.498000025749206543 1.8430000543594360352 1.8489999771118164062 1.8420000076293945312 1.8999999761581420898 2.0850000381469726562 2.1549999713897705078 2.0840001106262207031 1.9769999980926513672 1.991000056266784668 1.9110000133514404297 1.8450000286102294922 1.7400000095367431641 1.5650000572204589844 1.4359999895095825195 1.3090000152587890625 1.1089999675750732422 0.98799997568130493164 0.75999999046325683594 0.27700001001358032227 0.086000002920627593994 0
0.99900001287460327148 0.89800000190734863281 0.80400002002716064453 0.84899997711181640625 1.9859999418258666992 2.0720000267028808594 2.0569999217987060547 1.9680000543594360352 1.8350000381469726562 1.7710000276565551758 1.8320000171661376953 1.9329999685287475586 2.0280001163482666016 1.8509999513626098633 1.7719999551773071289 1.3949999809265136719 1.2489999532699584961 1.3040000200271606445 1.5570000410079956055 1.879999995231628418 1.9249999523162841797 1.9650000333786010742 2.0590000152587890625 2.1530001163482666016 2.1740000247955322266 2 1.8070000410079956055 1.7209999561309814453 1.8780000209808349609 1.8350000381469726562 1.7389999628067016602 1.6519999504089355469 1.5770000219345092773 1.4659999608993530273 1.1870000362396240234 1.0629999637603759766 0.9629999995231628418 0.43999999761581420898 0.21799999475479125977 0.01799999922513961792
0.85699999332427978516 0.79000002145767211914 0.71700000762939453125 1.6039999723434448242 1.8359999656677246094 1.8329999446868896484 1.9889999628067016602 1.8910000324249267578 1.7359999418258666992 1.7979999780654907227 1.9079999923706054688 1.9969999790191650391 2 1.8450000286102294922 1.7020000219345092773 1.5319999456405639648 1.3860000371932983398 1.5909999608993530273 1.868000030517578125 1.9199999570846557617 2.0060000419616699219 2.0690000057220458984 2.1610000133514404297 2.2279999256134033203 2.2479999065399169922 2.0220000743865966797 1.8329999446868896484 1.7039999961853027344 1.7180000543594360352 1.8539999723434448242 1.7100000381469726562 1.6169999837875366211 1.5240000486373901367 1.4800000190734863281 1.2920000553131103516 1.1590000391006469727 1.0559999942779541016 0.60000002384185791016 0.42399999499320983887 0.13799999654293060303
0.75099998712539672852 0.80299997329711914062 0.85199999809265136719 1.0449999570846557617 1.4379999637603759766 1.5329999923706054688 1.6950000524520874023 1.8270000219345092773 1.7749999761581420898 1.9010000228881835938 1.9630000591278076172 1.9720000028610229492 1.9609999656677246094 1.9459999799728393555 1.8789999485015869141 1.7730000019073486328 1.6979999542236328125 1.8500000238418579102 1.9049999713897705078 1.9479999542236328125 2.0490000247955322266 2.1949999332427978516 2.2650001049041748047 2.2739999294281005859 2.2219998836517333984 1.9989999532699584961 1.8619999885559082031 1.8580000400543212891 1.8300000429153442383 1.7460000514984130859 1.631999969482421875 1.4179999828338623047 1.4429999589920043945 1.3689999580383300781 1.2269999980926513672 1.1849999427795410156 1 0.79699999094009399414 0.56900000572204589844 0.30700001120567321777
0.90100002288818359375 0.95999997854232788086 1 1.2350000143051147461 1.3509999513626098633 1.4069999456405639648 1.5690000057220458984 1.6920000314712524414 1.8780000209808349609 1.9650000333786010742 1.9680000543594360352 1.8200000524520874023 1.7960000038146972656 1.8420000076293945312 1.8430000543594360352 1.7860000133514404297 1.9720000028610229492 2.0280001163482666016 2.0559999942779541016 1.9769999980926513672 2.1419999599456787109 2.2820000648498535156 2.3220000267028808594 2.3340001106262207031 2.2119998931884765625 1.9800000190734863281 1.8539999723434448242 1.8200000524520874023 1.7920000553131103516 1.6990000009536743164 1.5269999504089355469 1.6019999980926513672 1.4119999408721923828 1.1790000200271606445 1.1219999790191650391 1.0440000295639038086 0.93800002336502075195 0.81999999284744262695 0.6470000147819519043 0.49200001358985900879
1.1310000419616699219 1.1890000104904174805 1.1840000152587890625 1.3459999561309814453 1.4110000133514404297 1.4639999866485595703 1.5470000505447387695 1.6119999885559082031 1.8109999895095825195 1.873000025749206543 1.9129999876022338867 1.633999943733215332 1.6649999618530273438 1.7089999914169311523 1.7489999532699584961 1.7890000343322753906 2.104000091552734375 2.1960000991821289062 2.0559999942779541016 2.0969998836517333984 2.2369999885559082031 2.3559999465942382812 2.3780000209808349609 2.4240000247955322266 2.2009999752044677734 1.9320000410079956055 1.8439999818801879883 1.7910000085830688477 1.7539999485015869141 1.6310000419616699219 1.6790000200271606445 1.7510000467300415039 1.5509999990463256836 1.3329999446868896484 1.1239999532699584961 1.0210000276565551758 0.86699998378753662109 0.73299998044967651367 0.60900002717971801758 0.47200000286102294922
1.1950000524520874023 1.2269999980926513672 1.2849999666213989258 1.4140000343322753906 1.4700000286102294922 1.5230000019073486328 1.5909999608993530273 1.623000025749206543 1.7220000028610229492 1.7680000066757202148 1.8279999494552612305 1.7400000095367431641 1.7200000286102294922 1.6690000295639038086 1.6399999856948852539 1.7810000181198120117 1.9579999446868896484 2.13899993896484375 2.0510001182556152344 2.1889998912811279297 2.3359999656677246094 2.4249999523162841797 2.4619998931884765625 2.2969999313354492188 2.1229999065399169922 1.8789999485015869141 1.8359999656677246094 1.7719999551773071289 1.7289999723434448242 1.7979999780654907227 1.8940000534057617188 1.9299999475479125977 1.7029999494552612305 1.636999964714050293 1.4680000543594360352 1.3559999465942382812 1.2469999790191650391 0.42100000381469726562 0.43700000643730163574 0.43700000643730163574
1.1829999685287475586 1.243000030517578125 1.3470000028610229492 1.4370000362396240234 1.5299999713897705078 1.6289999485015869141 1.7059999704360961914 1.6310000419616699219 1.6909999847412109375 1.7309999465942382812 1.7630000114440917969 1.4809999465942382812 1.5039999485015869141 1.6360000371932983398 1.7100000381469726562 1.8420000076293945312 1.9769999980926513672 2.0880000591278076172 2.25 2.3459999561309814453 2.4800000190734863281 2.4990000724792480469 2.4140000343322753906 2.2039999961853027344 2.0550000667572021484 1.9359999895095825195 1.9060000181198120117 1.875 1.8350000381469726562 1.8980000019073486328 1.9579999446868896484 1.9869999885559082031 1.8389999866485595703 1.761999964714050293 1.756999969482421875 1.7300000190734863281 1.5269999504089355469 0.25299999117851257324 0.22300000488758087158 0.090999998152256011963
1.2170000076293945312 1.2920000553131103516 1.3669999837875366211 1.3739999532699584961 1.3969999551773071289 1.5479999780654907227 1.6499999761581420898 1.7460000514984130859 1.7719999551773071289 1.8320000171661376953 1.8609999418258666992 1.6119999885559082031 1.6740000247955322266 1.7730000019073486328 1.8420000076293945312 1.9400000572204589844 2.0599999427795410156 2.2200000286102294922 2.3369998931884765625 2.4719998836517333984 2.5789999961853027344 2.6229999065399169922 2.3829998970031738281 2.1329998970031738281 1.9960000514984130859 2.0599999427795410156 2.0510001182556152344 2.0020000934600830078 1.9620000123977661133 1.9769999980926513672 2.0060000419616699219 2.0230000019073486328 1.9370000362396240234 1.8589999675750732422 1.7840000391006469727 1.7940000295639038086 1.6849999427795410156 0.32600000500679016113 0.33500000834465026855 0.12800000607967376709
1.0199999809265136719 1.2259999513626098633 1.3370000123977661133 1.4149999618530273438 1.4570000171661376953 1.4889999628067016602 1.488000035285949707 1.6419999599456787109 1.8600000143051147461 1.9259999990463256836 1.9119999408721923828 1.8009999990463256836 1.8600000143051147461 1.9290000200271606445 2.0130000114440917969 2.0810000896453857422 2.1530001163482666016 2.3059999942779541016 2.4230000972747802734 2.5650000572204589844 2.6300001144409179688 2.5969998836517333984 2.4119999408721923828 2.2909998893737792969 2.1449999809265136719 2.1480000019073486328 2.2000000476837158203 2.1080000400543212891 2.0260000228881835938 2.0099999904632568359 2.0429999828338623047 2.0720000267028808594 1.7960000038146972656 1.5659999847412109375 1.4700000286102294922 1.8029999732971191406 0.40999999642372131348 0.27700001001358032227 0.36500000953674316406 0.20700000226497650146
