data/Outputs5m/Run_1.asc
ncols        208
nrows        223
xllcorner    470406.491399999999
yllcorner    4439304.785899999551
cellsize     4.998986000000
NODATA_value  nan
[rows 90 to 107 of 223, columns 40 to 79 of 208]
7.631999969482421875 7.6500000953674316406 7.6649999618530273438 7.6840000152587890625 7.7030000686645507812 7.7220001220703125 7.7369999885559082031 7.756999969482421875 7.7729997634887695312 7.79199981689453125 7.8080000877380371094 7.8280000686645507812 7.8439998626708984375 7.86100006103515625 7.8810000419616699219 7.9000000953674316406 7.91699981689453125 7.9369997978210449219 7.951000213623046875 7.9710001945495605469 7.9879999160766601562 8.0080003738403320312 8.0260000228881835938 8.0399999618530273438 8.0539999008178710938 8.0719995498657226562 8.090000152587890625 8.104000091552734375 8.1219997406005859375 8.1370000839233398438 8.15200042724609375 8.1709995269775390625 8.1859998703002929688 8.2040004730224609375 8.2200002670288085938 8.2349996566772460938 8.2539997100830078125 8.270000457763671875 8.2880001068115234375 8.3039999008178710938
7.6469998359680175781 7.6630001068115234375 7.6810002326965332031 7.6970000267028808594 7.7160000801086425781 7.7369999885559082031 7.75 7.7699999809265136719 7.7890000343322753906 7.8049998283386230469 7.8210000991821289062 7.8410000801086425781 7.8569998741149902344 7.8740000724792480469 7.895999908447265625 7.9130001068115234375 7.9299998283386230469 7.9499998092651367188 7.9670000076293945312 7.9869999885559082031 8.0010004043579101562 8.020999908447265625 8.0380001068115234375 8.0530004501342773438 8.06999969482421875 8.0850000381469726562 8.1020002365112304688 8.1169996261596679688 8.1350002288818359375 8.1499996185302734375 8.1680002212524414062 8.1829996109008789062 8.1979999542236328125 8.2170000076293945312 8.2320003509521484375 8.2510004043579101562 8.2659997940063476562 8.2819995880126953125 8.3009996414184570312 8.3170003890991210938
7.659999847412109375 7.6779999732971191406 7.6939997673034667969 7.7090001106262207031 7.7280001640319824219 7.75 7.7659997940063476562 7.7820000648498535156 7.8020000457763671875 7.8210000991821289062 7.8369998931884765625 7.854000091552734375 7.8730001449584960938 7.8870000839233398438 7.9089999198913574219 7.9260001182556152344 7.9460000991821289062 7.9629998207092285156 7.979000091552734375 8 8.0170001983642578125 8.0369997024536132812 8.0509996414184570312 8.0679998397827148438 8.08300018310546875 8.0970001220703125 8.1149997711181640625 8.1330003738403320312 8.1479997634887695312 8.1630001068115234375 8.180999755859375 8.1960000991821289062 8.2139997482299804688 8.229000091552734375 8.2480001449584960938 8.2629995346069335938 8.2790002822875976562 8.2950000762939453125 8.3140001296997070312 8.3319997787475585938
7.6729998588562011719 7.6909999847412109375 7.7090001106262207031 7.7249999046325683594 7.7439999580383300781 7.7630000114440917969 7.7820000648498535156 7.7979998588562011719 7.8140001296997070312 7.8340001106262207031 7.8499999046325683594 7.8660001754760742188 7.8860001564025878906 7.9019999504089355469 7.9219999313354492188 7.9390001296997070312 7.9609999656677246094 7.9749999046325683594 7.9949998855590820312 8.0120000839233398438 8.0319995880126953125 8.048999786376953125 8.0640001296997070312 8.0810003280639648438 8.0950002670288085938 8.1129999160766601562 8.1309995651245117188 8.145000457763671875 8.159999847412109375 8.1750001907348632812 8.1929998397827148438 8.2110004425048828125 8.2259998321533203125 8.2449998855590820312 8.2600002288818359375 8.2760000228881835938 8.2939996719360351562 8.3100004196166992188 8.326000213623046875 8.3450002670288085938
7.6880002021789550781 7.7030000686645507812 7.7220001220703125 7.7399997711181640625 7.7560000419616699219 7.7750000953674316406 7.7950000762939453125 7.8109998703002929688 7.8270001411437988281 7.8460001945495605469 7.8660001754760742188 7.881999969482421875 7.9019999504089355469 7.9180002212524414062 7.9380002021789550781 7.9539999961853027344 7.9739999771118164062 7.9910001754760742188 8.0080003738403320312 8.0249996185302734375 8.0450000762939453125 8.0649995803833007812 8.076000213623046875 8.0930004119873046875 8.11100006103515625 8.125 8.1429996490478515625 8.1579999923706054688 8.1750001907348632812 8.1899995803833007812 8.2049999237060546875 8.2239999771118164062 8.2390003204345703125 8.256999969482421875 8.2720003128051757812 8.2910003662109375 8.3070001602172851562 8.3219995498657226562 8.340999603271484375 8.3570003509521484375
7.6999998092651367188 7.7179999351501464844 7.7340002059936523438 7.7529997825622558594 7.7690000534057617188 7.7880001068115234375 7.8070001602172851562 7.8270001411437988281 7.8429999351501464844 7.8619999885559082031 7.8790001869201660156 7.8949999809265136719 7.9140000343322753906 7.9310002326965332031 7.9530000686645507812 7.9670000076293945312 7.9869999885559082031 8.0030002593994140625 8.020000457763671875 8.0399999618530273438 8.0570001602172851562 8.076999664306640625 8.0880002975463867188 8.1059999465942382812 8.1230001449584960938 8.1379995346069335938 8.1549997329711914062 8.1700000762939453125 8.187999725341796875 8.2030000686645507812 8.2180004119873046875 8.23600006103515625 8.2539997100830078125 8.2690000534057617188 8.284999847412109375 8.3030004501342773438 8.319000244140625 8.3380002975463867188 8.3529996871948242188 8.3690004348754882812
7.7140002250671386719 7.7300000190734863281 7.7490000724792480469 7.7649998664855957031 7.7870001792907714844 7.8029999732971191406 7.8229999542236328125 7.8390002250671386719 7.8559999465942382812 7.875 7.8940000534057617188 7.9109997749328613281 7.9270000457763671875 7.9460000991821289062 7.9629998207092285156 7.979000091552734375 7.9990000724792480469 8.0190000534057617188 8.0360002517700195312 8.0520000457763671875 8.0729999542236328125 8.090000152587890625 8.104000091552734375 8.1210002899169921875 8.1350002288818359375 8.1529998779296875 8.16699981689453125 8.1820001602172851562 8.1999998092651367188 8.215000152587890625 8.2329998016357421875 8.2480001449584960938 8.2659997940063476562 8.284000396728515625 8.2969999313354492188 8.3149995803833007812 8.3339996337890625 8.3500003814697265625 8.3649997711181640625 8.3809995651245117188
7.7249999046325683594 7.7410001754760742188 7.7600002288818359375 7.7800002098083496094 7.798999786376953125 7.8159999847412109375 7.8350000381469726562 7.8550000190734863281 7.8709998130798339844 7.8880000114440917969 7.9070000648498535156 7.8839998245239257812 7.9429998397827148438 7.9590001106262207031 7.9780001640319824219 7.9980001449584960938 8.0109996795654296875 8.0310001373291015625 8.0509996414184570312 8.0679998397827148438 8.0850000381469726562 8.1020002365112304688 8.1190004348754882812 8.1330003738403320312 8.1479997634887695312 8.1649999618530273438 8.18000030517578125 8.1969995498657226562 8.2119998931884765625 8.2270002365112304688 8.2449998855590820312 8.2629995346069335938 8.2779998779296875 8.2959995269775390625 8.3090000152587890625 8.326999664306640625 8.3459997177124023438 8.3649997711181640625 8.3800001144409179688 8.395999908447265625
7.73600006103515625 7.7550001144409179688 7.770999908447265625 7.7909998893737792969 7.1989998817443847656 5.2410001754760742188 4.0199999809265136719 3.0309998989105224609 2.5199999809265136719 3.4409999847412109375 4.3319997787475585938 3.9890000820159912109 3.3280000686645507812 3.5390000343322753906 4.6259999275207519531 5.6479997634887695312 7.6030001640319824219 7.8600001335144042969 8.062999725341796875 8.0799999237060546875 8.0970001220703125 8.1140003204345703125 8.1309995651245117188 8.145000457763671875 8.159999847412109375 8.1770000457763671875 8.19499969482421875 8.2089996337890625 8.2270002365112304688 8.2419996261596679688 8.256999969482421875 8.2749996185302734375 8.2899999618530273438 8.3079996109008789062 8.3240003585815429688 8.3389997482299804688 8.3579998016357421875 8.3769998550415039062 8.3920001983642578125 8.4079999923706054688
7.7030000686645507812 7.7129998207092285156 7.7210001945495605469 6.2480001449584960938 2.4349999427795410156 1.7300000190734863281 1.491000056266784668 1.4919999837875366211 1.3380000591278076172 2.2160000801086425781 1.8539999723434448242 1.1879999637603759766 1.2680000066757202148 1.2630000114440917969 1.6779999732971191406 3.0390000343322753906 3.0160000324249267578 4.5809998512268066406 5.1729998588562011719 5.9679999351501464844 6.1220002174377441406 6.5929999351501464844 6.4000000953674316406 6.8220000267028808594 6.3850002288818359375 6.2410001754760742188 6.6370000839233398438 6.88899993896484375 7.3880000114440917969 8.0520000457763671875 8.2690000534057617188 8.2869997024536132812 8.3020000457763671875 8.31999969482421875 8.3350000381469726562 8.354000091552734375 8.3699998855590820312 8.3879995346069335938 8.4069995880126953125 8.4200000762939453125
5.0110001564025878906 5.1680002212524414062 5.08300018310546875 4.4910001754760742188 1.5909999608993530273 1.3350000381469726562 1.3789999485015869141 1.4750000238418579102 1.4049999713897705078 1.363000035285949707 2.0290000438690185547 1.254999995231628418 1.2220000028610229492 1.3059999942779541016 1.376999974250793457 1.3109999895095825195 1.620000004768371582 1.8739999532699584961 1.9240000247955322266 2.0409998893737792969 2.2349998950958251953 1.9589999914169311523 4.2529997825622558594 3.2679998874664306641 2.3829998970031738281 2.98600006103515625 1.5829999446868896484 1.7189999818801879883 1.6790000200271606445 2.6540000438690185547 3.6530001163482666016 5.6950001716613769531 6.1009998321533203125 6.6069998741149902344 6.4390001296997070312 6.7319998741149902344 7.8940000534057617188 8.3999996185302734375 8.4189996719360351562 8.4350004196166992188
3.4690001010894775391 3.2379999160766601562 2.6640000343322753906 0.82400000095367431641 0.92000001668930053711 0.5879999995231628418 1.0060000419616699219 1.4639999866485595703 1.4550000429153442383 1.4129999876022338867 1.5809999704360961914 1.3099999427795410156 1.258999943733215332 1.3179999589920043945 1.3980000019073486328 1 1.7170000076293945312 1.7940000295639038086 1.9570000171661376953 2.1080000400543212891 1.9600000381469726562 2.0629999637603759766 1.9609999656677246094 2.0390000343322753906 1.6390000581741333008 1.2929999828338623047 1.4019999504089355469 1.7489999532699584961 1.8250000476837158203 1.9889999628067016602 2.0650000572204589844 3.2960000038146972656 3.4939999580383300781 3.4449999332427978516 3.3570001125335693359 3.006999969482421875 3.3420000076293945312 3.1229999065399169922 3.3550000190734863281 5.8220000267028808594
1.1510000228881835938 1.0900000333786010742 0.081000000238418579102 0 0.33500000834465026855 0.68900001049041748047 1.2100000381469726562 1.4069999456405639648 1.4010000228881835938 1.3890000581741333008 1.3830000162124633789 1.3739999532699584961 1.3259999752044677734 1.3300000429153442383 1.5529999732971191406 1.4199999570846557617 2.0339999198913574219 2.0439999103546142578 2.2100000381469726562 2.3029999732971191406 2.3010001182556152344 2.3090000152587890625 2.4049999713897705078 2.3829998970031738281 1.9340000152587890625 1.5149999856948852539 1.6150000095367431641 1.8489999771118164062 1.9340000152587890625 1.9400000572204589844 1.988000035285949707 2.1740000247955322266 2.2009999752044677734 2.2279999256134033203 2.3529999256134033203 2.4389998912811279297 2.4179999828338623047 2.4370000362396240234 2.3849999904632568359 2.4440000057220458984
0 0 0.12600000202655792236 0.10999999940395355225 0.21099999547004699707 0.7870000004768371582 1.3090000152587890625 1.3079999685287475586 1.3009999990463256836 1.3159999847412109375 1.3589999675750732422 1.3619999885559082031 1.3589999675750732422 1.2200000286102294922 1.4220000505447387695 2.0840001106262207031 2.1549999713897705078 2.2630000114440917969 2.3980000019073486328 2.4909999370574951172 2.6019999980926513672 2.7349998950958251953 2.8159999847412109375 2.8480000495910644531 2.8689999580383300781 2.7730000019073486328 2.7179999351501464844 2.729000091552734375 2.7379999160766601562 2.7679998874664306641 2.6879999637603759766 2.7249999046325683594 3.2460000514984130859 2.9219999313354492188 2.7030000686645507812 2.6210000514984130859 2.8039999008178710938 2.4509999752044677734 2.3599998950958251953 2.0320000648498535156
0.052999999374151229858 0 0.27399998903274536133 0.36199998855590820312 0.56900000572204589844 0.91000002622604370117 1.254999995231628418 1.2539999485015869141 1.2649999856948852539 1.3009999990463256836 1.3370000123977661133 1.3439999818801879883 1.379999995231628418 1.0210000276565551758 1.5920000076293945312 2.1870000362396240234 2.2920000553131103516 2.3570001125335693359 2.5099999904632568359 2.6150000095367431641 2.6900000572204589844 2.8469998836517333984 2.9370000362396240234 2.9270000457763671875 2.7980000972747802734 2.5869998931884765625 3.0980000495910644531 3.125 3.3529999256134033203 3.3220000267028808594 2.881999969482421875 3.4000000953674316406 3.5190000534057617188 3.5309998989105224609 3.3699998855590820312 3.1140000820159912109 2.7669999599456787109 2.493000030517578125 2.3320000171661376953 1.8109999895095825195
0.019999999552965164185 0.030999999493360519409 0.44699999690055847168 0.65200001001358032227 0.96499997377395629883 1.123000025749206543 1.1670000553131103516 1.1900000572204589844 1.2309999465942382812 1.2760000228881835938 1.3129999637603759766 1.3339999914169311523 1.1449999809265136719 0.88300001621246337891 1.866000056266784668 2.3020000457763671875 2.1989998817443847656 2.2190001010894775391 2.5769999027252197266 2.6779999732971191406 2.7439999580383300781 2.8949999809265136719 3.0060000419616699219 3.0780000686645507812 3.0829999446868896484 3.1159999370574951172 3.2339999675750732422 3.3250000476837158203 3.3880000114440917969 3.2599999904632568359 3.1340000629425048828 3.5090000629425048828 3.5390000343322753906 3.4200000762939453125 3.1280000209808349609 3.1830000877380371094 2.6559998989105224609 2.9089999198913574219 3.1870000362396240234 2.6029999256134033203
0 0.094999998807907104492 0.54299998283386230469 0.80299997329711914062 0.98799997568130493164 1.0770000219345092773 1.129999995231628418 1.1619999408721923828 1.2130000591278076172 1.254999995231628418 1.2849999666213989258 1.2970000505447387695 0.89200001955032348633 1.0559999942779541016 2.2520000934600830078 2.3810000419616699219 2.4270000457763671875 2.4219999313354492188 2.6270000934600830078 2.7019999027252197266 2.7950000762939453125 2.8849999904632568359 2.9839999675750732422 3.0799999237060546875 3.1310000419616699219 3.1670000553131103516 3.2660000324249267578 3.3299999237060546875 3.3840000629425048828 3.493000030517578125 3.4619998931884765625 3.4189999103546142578 3.4949998855590820312 3.3280000686645507812 3.2790000438690185547 3.3429999351501464844 2.7890000343322753906 3.3900001049041748047 3.145999908447265625 3.1289999485015869141
0.10899999737739562988 0.13300000131130218506 0.55699998140335083008 0.88599997758865356445 0.94700002670288085938 0.99000000953674316406 1.0650000572204589844 1.118000030517578125 1.1870000362396240234 1.2350000143051147461 1.2690000534057617188 1.0579999685287475586 0.82400000095367431641 2.1410000324249267578 2.3480000495910644531 2.4769999980926513672 2.4409999847412109375 2.5090000629425048828 2.6570000648498535156 2.7650001049041748047 2.8420000076293945312 2.8900001049041748047 2.9519999027252197266 3.0490000247955322266 3.1329998970031738281 3.1870000362396240234 3.2439999580383300781 3.2920000553131103516 3.38899993896484375 3.4370000362396240234 3.3299999237060546875 3.1770000457763671875 3.3719999790191650391 3.4639999866485595703 3.4300000667572021484 2.8570001125335693359 3.0369999408721923828 3.1540000438690185547 2.9470000267028808594 2.8380000591278076172
