data/Outputs5m/Run_1.asc
ncols        208
nrows        223
xllcorner    470406.491399999999
yllcorner    4439304.785899999551
cellsize     4.998986000000
NODATA_value  nan
[rows 36 to 53 of 223, columns 80 to 119 of 208]
0.38999998569488525391 0.31400001049041748047 0.21500000357627868652 0.19599999487400054932 0.20700000226497650146 0.19400000572204589844 0.22800000011920928955 0.2720000147819519043 0.28400000929832458496 0.26499998569488525391 0.2430000007152557373 0.27300000190734863281 0.32300001382827758789 0.43799999356269836426 0.58300000429153442383 0.76899999380111694336 0.88999998569488525391 0.9409999847412109375 1.0269999504089355469 1.248000025749206543 1.4869999885559082031 1.5329999923706054688 1.5670000314712524414 1.7170000076293945312 1.9429999589920043945 1.9769999980926513672 1.9279999732971191406 1.8090000152587890625 1.7029999494552612305 1.7940000295639038086 2.0769999027252197266 2.1189999580383300781 2.1510000228881835938 2.1259999275207519531 2.1429998874664306641 2.1600000858306884766 2.1159999370574951172 1.9680000543594360352 2.0239999294281005859 2.0590000152587890625
0.26199999451637268066 0.19699999690055847168 0.16400000452995300293 0.13300000131130218506 0.14599999785423278809 0.17599999904632568359 0.23000000417232513428 0.2720000147819519043 0.31799998879432678223 0.35600000619888305664 0.37799999117851257324 0.39300000667572021484 0.37799999117851257324 0.26699998974800109863 0.16099999845027923584 0.73699998855590820312 0.91000002622604370117 1.0219999551773071289 1.1119999885559082031 1.2990000247955322266 1.4769999980926513672 1.4989999532699584961 1.5180000066757202148 1.7200000286102294922 1.9859999418258666992 2.0190000534057617188 1.9830000400543212891 1.8580000400543212891 1.7389999628067016602 1.8880000114440917969 2.0160000324249267578 2.0950000286102294922 2.1579999923706054688 2.2149999141693115234 2.2479999065399169922 2.2829999923706054688 2.2269999980926513672 2.1919999122619628906 2.26399993896484375 2.2409999370574951172
0.27799999713897705078 0.29899999499320983887 0.11200000345706939697 0.19499999284744262695 0.13400000333786010742 0.18099999427795410156 0.23800000548362731934 0.32400000095367431641 0.38699999451637268066 0.4410000145435333252 0.49200001358985900879 0.49599999189376831055 0.50999999046325683594 0.57800000905990600586 0.68500000238418579102 0.76999998092651367188 0.82099997997283935547 1.0549999475479125977 1.0959999561309814453 1.3500000238418579102 1.4579999446868896484 1.5169999599456787109 1.5329999923706054688 1.761999964714050293 2.0280001163482666016 2.0290000438690185547 2.0079998970031738281 1.9320000410079956055 1.9290000200271606445 1.9739999771118164062 1.9589999914169311523 2.0350000858306884766 2.1010000705718994141 2.0390000343322753906 2.1419999599456787109 2.256999969482421875 2.3840000629425048828 2.4159998893737792969 2.4449999332427978516 2.4409999847412109375
0.31900000572204589844 0.40299999713897705078 0.34000000357627868652 0.31900000572204589844 0.22800000011920928955 0.0040000001899898052216 0.0060000000521540641785 0.19400000572204589844 0.32699999213218688965 0.40500000119209289551 0.50199997425079345703 0.56900000572204589844 0.61199998855590820312 0.70300000905990600586 0.7789999842643737793 0.85500001907348632812 0.89999997615814208984 0.92299997806549072266 1.0160000324249267578 1.0659999847412109375 1.5160000324249267578 1.620000004768371582 1.7280000448226928711 1.8930000066757202148 2.0590000152587890625 2.0529999732971191406 2.0260000228881835938 1.9900000095367431641 1.9839999675750732422 1.9140000343322753906 1.8860000371932983398 1.9620000123977661133 1.9559999704360961914 1.870000004768371582 1.9520000219345092773 2.0669999122619628906 2.0469999313354492188 2.0590000152587890625 2.1240000724792480469 2.2330000400543212891
0.28999999165534973145 0.41600000858306884766 0.50099998712539672852 0.38999998569488525391 0.2569999992847442627 0 0 0 0.11299999803304672241 0.34400001168251037598 0.43299999833106994629 0.51300001144409179688 0.60100001096725463867 0.68900001049041748047 0.78299999237060546875 0.86799997091293334961 0.92100000381469726562 0.93199998140335083008 1.0340000391006469727 1.2740000486373901367 1.3359999656677246094 1.620000004768371582 1.8259999752044677734 1.863000035285949707 1.9029999971389770508 1.9440000057220458984 1.9379999637603759766 1.9390000104904174805 1.9420000314712524414 1.8719999790191650391 1.8480000495910644531 1.8719999790191650391 1.8020000457763671875 1.7130000591278076172 1.7760000228881835938 1.7940000295639038086 1.7810000181198120117 1.9420000314712524414 2.0260000228881835938 1.9490000009536743164
0.45899999141693115234 0.67299997806549072266 0.69400000572204589844 0.56199997663497924805 0.38800001144409179688 0.13300000131130218506 0 0 0 0.10999999940395355225 0.28799998760223388672 0.39899998903274536133 0.49599999189376831055 0.56800001859664916992 0.67400002479553222656 0.79199999570846557617 0.91900002956390380859 0.97500002384185791016 1.0590000152587890625 1.1970000267028808594 1.2690000534057617188 1.3949999809265136719 1.5149999856948852539 1.6219999790191650391 1.6809999942779541016 1.7220000028610229492 1.761999964714050293 1.7649999856948852539 1.7419999837875366211 1.7389999628067016602 1.756999969482421875 1.7359999418258666992 1.7139999866485595703 1.6870000362396240234 1.6469999551773071289 1.5700000524520874023 1.6059999465942382812 1.8159999847412109375 1.8450000286102294922 1.7530000209808349609
0.79600000381469726562 0.88499999046325683594 0.77300000190734863281 0.63200002908706665039 0.50999999046325683594 0.33000001311302185059 0.10800000280141830444 0.12399999797344207764 0.029999999329447746277 0.064999997615814208984 0.23899999260902404785 0.31999999284744262695 0.42300000786781311035 0.48399999737739562988 0.56300002336502075195 0.66799998283386230469 0.79400002956390380859 0.92100000381469726562 1.0319999456405639648 1.1490000486373901367 1.1410000324249267578 1.3040000200271606445 1.3930000066757202148 1.4639999866485595703 1.5199999809265136719 1.5579999685287475586 1.6380000114440917969 1.6469999551773071289 1.626999974250793457 1.6119999885559082031 1.6610000133514404297 1.5970000028610229492 1.5880000591278076172 1.6000000238418579102 1.6059999465942382812 1.626999974250793457 1.5230000019073486328 1.6840000152587890625 1.6920000314712524414 1.6820000410079956055
1.1189999580383300781 1.0650000572204589844 0.99199998378753662109 0.83399999141693115234 0.63599997758865356445 0.47299998998641967773 0.28900000452995300293 0.24500000476837158203 0.11299999803304672241 0.016000000759959220886 0.17399999499320983887 0.26300001144409179688 0.34599998593330383301 0.36599999666213989258 0.45500001311302185059 0.50499999523162841797 0.72500002384185791016 0.88099998235702514648 0.92500001192092895508 1.0670000314712524414 1.1779999732971191406 1.2280000448226928711 1.2960000038146972656 1.2819999456405639648 1.4110000133514404297 1.4700000286102294922 1.498000025749206543 1.4809999465942382812 1.4420000314712524414 1.4969999790191650391 1.5859999656677246094 1.498000025749206543 1.4639999866485595703 1.4490000009536743164 1.4650000333786010742 1.4919999837875366211 1.5429999828338623047 1.5640000104904174805 1.5820000171661376953 1.6119999885559082031
1.3009999990463256836 1.2810000181198120117 1.2089999914169311523 1.4689999818801879883 1.3569999933242797852 0.87999999523162841797 0.44800001382827758789 0.34700000286102294922 0.1180000007152557373 0 0.087999999523162841797 0.1729999929666519165 0.13099999725818634033 0.0020000000949949026108 0.28900000452995300293 0.53600001335144042969 0.75900000333786010742 0.83600002527236938477 0.9039999842643737793 1 1.1009999513626098633 1.1790000200271606445 1.2230000495910644531 1.2849999666213989258 1.3200000524520874023 1.3940000534057617188 1.4559999704360961914 1.4390000104904174805 1.4700000286102294922 1.4559999704360961914 1.4529999494552612305 1.3710000514984130859 1.3140000104904174805 1.2740000486373901367 1.2990000247955322266 1.3289999961853027344 1.3539999723434448242 1.4509999752044677734 1.4960000514984130859 1.5629999637603759766
1.3519999980926513672 1.5279999971389770508 1.6169999837875366211 1.8200000524520874023 1.8949999809265136719 1.5180000066757202148 1.1050000190734863281 0.86599999666213989258 0.016000000759959220886 0 0.027000000700354576111 0.14800000190734863281 0.15500000119209289551 0.20399999618530273438 0.45899999141693115234 0.61799997091293334961 0.70899999141693115234 0.78600001335144042969 0.95499998331069946289 0.98100000619888305664 1.0039999485015869141 1.1030000448226928711 1.1840000152587890625 1.2489999532699584961 1.3270000219345092773 1.3980000019073486328 1.4509999752044677734 1.4579999446868896484 1.4589999914169311523 1.4570000171661376953 1.4299999475479125977 1.3270000219345092773 1.2359999418258666992 1.2209999561309814453 1.1909999847412109375 1.2220000028610229492 1.2710000276565551758 1.3830000162124633789 1.4320000410079956055 1.5080000162124633789
1.5290000438690185547 1.6950000524520874023 1.7949999570846557617 1.9670000076293945312 1.9630000591278076172 1.9110000133514404297 1.8190000057220458984 1.7769999504089355469 1.498000025749206543 1.3140000104904174805 0.93300002813339233398 0.093999996781349182129 0 0 0.50800001621246337891 0.60399997234344482422 0.71399998664855957031 0.95999997854232788086 0.98199999332427978516 1.008999943733215332 1.0349999666213989258 1.0970000028610229492 1.1080000400543212891 1.1679999828338623047 1.3150000572204589844 1.366000056266784668 1.4550000429153442383 1.5230000019073486328 1.5369999408721923828 1.498000025749206543 1.4869999885559082031 1.4630000591278076172 1.3600000143051147461 1.2389999628067016602 1.248000025749206543 1.2180000543594360352 1.1940000057220458984 1.251999974250793457 1.379999995231628418 1.4559999704360961914
1.748000025749206543 1.863000035285949707 1.9259999990463256836 1.9589999914169311523 1.9579999446868896484 1.9550000429153442383 1.8459999561309814453 1.741000056266784668 1.4370000362396240234 1.6460000276565551758 1.6030000448226928711 1.4539999961853027344 0.22499999403953552246 0.22300000488758087158 0.49000000953674316406 0.94199997186660766602 0.96600002050399780273 0.99500000476837158203 1.0490000247955322266 1.126999974250793457 1.1480000019073486328 1.2259999513626098633 1.1540000438690185547 1.2139999866485595703 1.2829999923706054688 1.363000035285949707 1.4440000057220458984 1.5160000324249267578 1.5440000295639038086 1.5329999923706054688 1.5340000391006469727 1.5629999637603759766 1.5570000410079956055 1.4509999752044677734 1.363000035285949707 1.4040000438690185547 1.3609999418258666992 1.4709999561309814453 1.2819999456405639648 1.3650000095367431641
1.9509999752044677734 2.020999908447265625 1.7730000019073486328 1.7059999704360961914 1.9440000057220458984 1.8129999637603759766 1.7070000171661376953 1.626999974250793457 1.6540000438690185547 1.6729999780654907227 1.7130000591278076172 1.6859999895095825195 1.5579999685287475586 0.97899997234344482422 1.004999995231628418 1.0429999828338623047 1.1189999580383300781 1.1770000457763671875 1.2439999580383300781 1.3220000267028808594 1.3789999485015869141 1.363000035285949707 1.2250000238418579102 1.3059999942779541016 1.3539999723434448242 1.4259999990463256836 1.3910000324249267578 1.2819999456405639648 1.4270000457763671875 1.4889999628067016602 1.5570000410079956055 1.6440000534057617188 1.6660000085830688477 1.5970000028610229492 1.5609999895095825195 1.5679999589920043945 1.5590000152587890625 1.4010000228881835938 1.2979999780654907227 1.4290000200271606445
2.0910000801086425781 2.0269999504089355469 1.6820000410079956055 1.8830000162124633789 1.8099999427795410156 1.7439999580383300781 1.6779999732971191406 1.6239999532699584961 1.7209999561309814453 1.7790000438690185547 1.7849999666213989258 1.7510000467300415039 1.3789999485015869141 1.0889999866485595703 1.133999943733215332 1.2029999494552612305 1.2829999923706054688 1.3380000591278076172 1.375 1.4509999752044677734 1.5199999809265136719 1.4129999876022338867 1.2840000391006469727 1.3650000095367431641 1.4249999523162841797 1.4720000028610229492 1.4409999847412109375 1.1950000524520874023 1.0230000019073486328 1.366000056266784668 1.4919999837875366211 1.625 1.6560000181198120117 1.6449999809265136719 1.6460000276565551758 1.6560000181198120117 1.623000025749206543 1.498000025749206543 1.4620000123977661133 1.4229999780654907227
2.0109999179840087891 1.9190000295639038086 1.9320000410079956055 1.9129999876022338867 1.8589999675750732422 1.8049999475479125977 1.7510000467300415039 1.6979999542236328125 1.8220000267028808594 1.7999999523162841797 1.8509999513626098633 1.9539999961853027344 1.4470000267028808594 1.3459999561309814453 1.3289999961853027344 1.3639999628067016602 1.4440000057220458984 1.511999964714050293 1.5700000524520874023 1.6490000486373901367 1.6729999780654907227 1.4739999771118164062 1.3430000543594360352 1.4240000247955322266 1.4839999675750732422 1.5499999523162841797 1.5149999856948852539 1.2699999809265136719 0.96399998664855957031 1.2369999885559082031 1.1929999589920043945 1.3009999990463256836 1.6979999542236328125 1.7170000076293945312 1.7400000095367431641 1.741000056266784668 1.7230000495910644531 1.6510000228881835938 1.6670000553131103516 1.616000056266784668
1.8880000114440917969 1.8329999446868896484 1.8669999837875366211 1.9190000295639038086 1.9290000200271606445 1.863000035285949707 1.8090000152587890625 1.754999995231628418 1.8420000076293945312 1.8530000448226928711 1.9620000123977661133 1.9609999656677246094 1.4140000343322753906 1.4989999532699584961 1.5279999971389770508 1.5620000362396240234 1.6399999856948852539 1.6770000457763671875 1.7319999933242797852 1.8109999895095825195 1.7350000143051147461 1.508999943733215332 1.4140000343322753906 1.495000004768371582 1.5429999828338623047 1.6460000276565551758 1.5779999494552612305 1.3329999446868896484 1.1239999532699584961 1.2630000114440917969 1.2920000553131103516 1.1720000505447387695 1.1640000343322753906 1.3509999513626098633 1.5870000123977661133 1.8259999752044677734 1.8300000429153442383 1.8370000123977661133 1.8589999675750732422 1.8539999723434448242
1.8420000076293945312 1.8420000076293945312 1.8539999723434448242 1.8760000467300415039 1.9220000505447387695 1.9110000133514404297 1.8689999580383300781 1.8159999847412109375 1.863000035285949707 1.9220000505447387695 1.9550000429153442383 1.9470000267028808594 1.5099999904632568359 1.5570000410079956055 1.6990000009536743164 1.6909999847412109375 1.7710000276565551758 1.8389999866485595703 1.9060000181198120117 1.9759999513626098633 1.7840000391006469727 1.5579999685287475586 1.4600000381469726562 1.5420000553131103516 1.6059999465942382812 1.7209999561309814453 1.6399999856948852539 1.3830000162124633789 1.2180000543594360352 1.3170000314712524414 1.3370000123977661133 1.2690000534057617188 1.3309999704360961914 1.4509999752044677734 1.5290000438690185547 1.7189999818801879883 1.9029999971389770508 1.8860000371932983398 1.9170000553131103516 1.9400000572204589844
1.8409999608993530273 1.8530000448226928711 1.866000056266784668 1.8810000419616699219 1.8910000324249267578 1.9220000505447387695 1.9290000200271606445 1.8760000467300415039 1.9409999847412109375 1.9459999799728393555 1.9379999637603759766 1.8389999866485595703 1.5939999818801879883 1.6590000391006469727 1.7460000514984130859 1.9320000410079956055 1.9329999685287475586 2.0039999485015869141 2.0720000267028808594 2.0439999103546142578 1.8580000400543212891 1.6360000371932983398 1.5440000295639038086 1.6019999980926513672 1.6799999475479125977 1.7979999780654907227 1.6510000228881835938 1.4859999418258666992 1.3539999723434448242 1.2979999780654907227 1.373000025749206543 1.3780000209808349609 1.4769999980926513672 1.5820000171661376953 1.6970000267028808594 1.886999964714050293 1.9099999666213989258 1.9689999818801879883 1.9579999446868896484 1.9680000543594360352
