data/Outputs10m/flood2020/Run_1.asc
ncols        104
nrows        112
xllcorner    470406.491399999999
yllcorner    4439304.785899999551
cellsize     9.997971000000
NODATA_value  nan
[rows 19 to 37 of 112, columns 44 to 87 of 104]
0 0 0 0 0.028000000864267349243 0.29600000381469726562 0.43700000643730163574 0.65799999237060546875 0.90299999713897705078 0.7870000004768371582 0.81400001049041748047 0.86199998855590820312 0.85699999332427978516 1.0659999847412109375 1.2170000076293945312 1.2339999675750732422 1.3179999589920043945 1.1759999990463256836 1.2510000467300415039 1.3559999465942382812 1.0889999866485595703 1.3029999732971191406 1.3919999599456787109 1.5609999895095825195 1.8300000429153442383 2.4749999046325683594 2.6740000247955322266 2.9709999561309814453 2.8900001049041748047 2.5220000743865966797 2.0840001106262207031 1.3930000066757202148 0.71799999475479125977 0.27599999308586120605 0.47600001096725463867 0.54600000381469726562 0.27300000190734863281 0 0 0 0 0 0 0
0 0 0 0 0 0.22200000286102294922 0.54100000858306884766 0.75800001621246337891 0.81499999761581420898 0.79000002145767211914 0.70800000429153442383 0.69499999284744262695 0.52700001001358032227 0.59899997711181640625 0.73799997568130493164 0.73699998855590820312 1.2239999771118164062 1.5369999408721923828 1.493000030517578125 1.4559999704360961914 1.4730000495910644531 1.5629999637603759766 1.4249999523162841797 1.3899999856948852539 1.5970000028610229492 2.0350000858306884766 2.6140000820159912109 2.7630000114440917969 2.8659999370574951172 2.7960000038146972656 2.5910000801086425781 1.6100000143051147461 0.64999997615814208984 0.36700001358985900879 1.0920000076293945312 1.1900000572204589844 0.65200001001358032227 0 0 0 0 0 0 0
0 0 0 0 0 0.098999999463558197021 0.22300000488758087158 0.35499998927116394043 0.42199999094009399414 0.49099999666213989258 0.43999999761581420898 0.41400000452995300293 0.40900000929832458496 0.42800000309944152832 0.47699999809265136719 0.46599999070167541504 0.37099999189376831055 0.70200002193450927734 0.91900002956390380859 0.97000002861022949219 1.363000035285949707 1.5950000286102294922 1.6859999895095825195 1.6729999780654907227 1.7189999818801879883 1.5920000076293945312 2.1960000991821289062 2.7739999294281005859 2.7539999485015869141 3.1489999294281005859 3.2049999237060546875 2.6370000839233398438 1.2730000019073486328 0.5 1.6289999485015869141 1.5420000553131103516 0.96799999475479125977 0 0 0 0 0 0 0
0 0 0 0 0 0 0.097000002861022949219 0.1689999997615814209 0.24500000476837158203 0.27000001072883605957 0.27300000190734863281 0.17800000309944152832 0.079000003635883331299 0.12800000607967376709 0.23999999463558197021 0.34099999070167541504 0.28799998760223388672 0.36500000953674316406 0.41699999570846557617 0.58600002527236938477 0.71399998664855957031 1.3329999446868896484 1.6080000400543212891 1.868000030517578125 1.886999964714050293 1.8129999637603759766 1.8580000400543212891 2.1170001029968261719 1.993000030517578125 3.0510001182556152344 3.2369999885559082031 2.7860000133514404297 2.5480000972747802734 1.6950000524520874023 1.868000030517578125 1.3109999895095825195 1.0640000104904174805 0 0.36700001358985900879 0 0 0 0 0
0 0 0 0 0 0 0.0080000003799796104431 0.030999999493360519409 0.18799999356269836426 0.33700001239776611328 0.30199998617172241211 0.25400000810623168945 0.029999999329447746277 0.014999999664723873138 0.03599999845027923584 0.22499999403953552246 0.3160000145435333252 0.24600000679492950439 0.18500000238418579102 0.38400000333786010742 0.39199998974800109863 1.0110000371932983398 0.92400002479553222656 1.1629999876022338867 2.0239999294281005859 1.9620000123977661133 2.0030000209808349609 1.9390000104904174805 1.9490000009536743164 2.3320000171661376953 3.3880000114440917969 2.618000030517578125 2.5950000286102294922 2.2980000972747802734 2.0559999942779541016 1.0140000581741333008 1.243000030517578125 1.1770000457763671875 0.61400002241134643555 0.86000001430511474609 0.76200002431869506836 0.51700001955032348633 0.24199999868869781494 0
0.29699999094009399414 0.2870000004768371582 0 0 0 0.057999998331069946289 0.086000002920627593994 0.068999998271465301514 0.19699999690055847168 0.079000003635883331299 0.28400000929832458496 0.42699998617172241211 0.36500000953674316406 0.32499998807907104492 0.15299999713897705078 0.18000000715255737305 0.082000002264976501465 0.20700000226497650146 0.13899999856948852539 0.24400000274181365967 0.38299998641014099121 0.5 0.64200001955032348633 0.81400001049041748047 1.0199999809265136719 1.7469999790191650391 1.8250000476837158203 2.0799999237060546875 2.0920000076293945312 2.1340000629425048828 2.6310000419616699219 2.3099999427795410156 2.3190000057220458984 2.4100000858306884766 1.8739999532699584961 1.5230000019073486328 1.2469999790191650391 1.2840000391006469727 1.3760000467300415039 1.4249999523162841797 1.2029999494552612305 0.92000001668930053711 0.66799998283386230469 0.40799999237060546875
0.4339999854564666748 0.57400000095367431641 0.037000000476837158203 0.061999998986721038818 0.20900000631809234619 0.35600000619888305664 0.18999999761581420898 0.14800000190734863281 0.28000000119209289551 0.039999999105930328369 0.026000000536441802979 0.081000000238418579102 0.47999998927116394043 0.49200001358985900879 0.39399999380111694336 0.35199999809265136719 0.13699999451637268066 0.0020000000949949026108 0.070000000298023223877 0.10199999809265136719 0.23999999463558197021 0.28499999642372131348 0.43599998950958251953 0.65700000524520874023 0.83399999141693115234 1.0670000314712524414 0 0 0.75 2.229000091552734375 2.2369999885559082031 2.2490000724792480469 2.375 2.2139999866485595703 1.7489999532699584961 1.5779999494552612305 1.3200000524520874023 1.5269999504089355469 1.625 1.6310000419616699219 1.0030000209808349609 0.80000001192092895508 0.50300002098083496094 0.68800002336502075195
0.57099997997283935547 0.59700000286102294922 0.22499999403953552246 0.37299999594688415527 0.53100001811981201172 0.67599999904632568359 0.26499998569488525391 0.25400000810623168945 0.43200001120567321777 0.083999998867511749268 0.039999999105930328369 0.032999999821186065674 0.2020000070333480835 0.45899999141693115234 0.61900001764297485352 0.66600000858306884766 0.66900002956390380859 0.46900001168251037598 0.23399999737739562988 0.034000001847743988037 0.12999999523162841797 0.1729999929666519165 0.24600000679492950439 0.44299998879432678223 0.67400002479553222656 0.92299997806549072266 1.0080000162124633789 0.17800000309944152832 0 0 0.36599999666213989258 2.3599998950958251953 2.4549999237060546875 2.4409999847412109375 2.2269999980926513672 1.8849999904632568359 1.8949999809265136719 1.8320000171661376953 1.9010000228881835938 1.4390000104904174805 1.1189999580383300781 1.0499999523162841797 1.1109999418258666992 0.82400000095367431641
0.59100002050399780273 0.37400001287460327148 0.41299998760223388672 0.64099997282028198242 0.88800001144409179688 0.76099997758865356445 0.39800000190734863281 0.37900000810623168945 0.57700002193450927734 0.30199998617172241211 0.078000001609325408936 0.22900000214576721191 0.43500000238418579102 0.54000002145767211914 0.60900002717971801758 0.69800001382827758789 0.81400001049041748047 0.97200000286102294922 0.90299999713897705078 0.67699998617172241211 0.36000001430511474609 0.048999998718500137329 0.093000002205371856689 0.28099998831748962402 0.42199999094009399414 0.66799998283386230469 0.82099997997283935547 0.89300000667572021484 0.94800001382827758789 0.57899999618530273438 0 0 0.57300001382827758789 2.4879999160766601562 2.5520000457763671875 2.6029999256134033203 2.4489998817443847656 2.3570001125335693359 2.3010001182556152344 1.6849999427795410156 1.3919999599456787109 1.4639999866485595703 1.3669999837875366211 1.1410000324249267578
0.57400000095367431641 0.44400000572204589844 0.59500002861022949219 0.75300002098083496094 1.1809999942779541016 0.88200002908706665039 0.51800000667572021484 0.54799997806549072266 0.72600001096725463867 0.50800001621246337891 0.19300000369548797607 0.33500000834465026855 0.42800000309944152832 0.37999999523162841797 0.63099998235702514648 0.71499997377395629883 0.67199999094009399414 0.67000001668930053711 0.95499998331069946289 1.0210000276565551758 0.99000000953674316406 0.83099997043609619141 0.42300000786781311035 0.3089999854564666748 0.24400000274181365967 0.44999998807907104492 0.70200002193450927734 0.60500001907348632812 0.67199999094009399414 0.76700001955032348633 0.5960000157356262207 0.25600001215934753418 0 0 1.3229999542236328125 2.6370000839233398438 2.7119998931884765625 2.6640000343322753906 2.6189999580383300781 2.2520000934600830078 1.8949999809265136719 1.5759999752044677734 1.2109999656677246094 1.2539999485015869141
0.64200001955032348633 0.80800002813339233398 1.126999974250793457 1.3099999427795410156 1.4620000123977661133 1.1840000152587890625 1.1059999465942382812 0.63300001621246337891 0.64999997615814208984 0.17399999499320983887 0.37700000405311584473 0.52499997615814208984 0.57400000095367431641 0.53500002622604370117 0.76899999380111694336 0.73100000619888305664 0.54500001668930053711 0.37400001287460327148 0.58099997043609619141 0.80800002813339233398 1.1640000343322753906 1.2389999628067016602 1.3980000019073486328 1.1289999485015869141 0.49500000476837158203 0.2430000007152557373 0.45199999213218688965 0.63099998235702514648 0.69199997186660766602 0.16500000655651092529 0.63499999046325683594 0.79600000381469726562 0.77300000190734863281 0.4339999854564666748 0 0 0.97699999809265136719 2.8180000782012939453 2.8489999771118164062 2.7190001010894775391 2.5350000858306884766 2.1670000553131103516 1.8090000152587890625 1.629999995231628418
1.0509999990463256836 1.2400000095367431641 1.1929999589920043945 1.2059999704360961914 1.366000056266784668 1.3040000200271606445 1.0390000343322753906 0.9629999995231628418 0.78500002622604370117 0.51300001144409179688 0.55699998140335083008 0.71899998188018798828 0.79799997806549072266 0.71399998664855957031 0.75999999046325683594 0.60000002384185791016 0.41600000858306884766 0.25499999523162841797 0.37999999523162841797 0.81800001859664916992 1.125 1.2120000123977661133 1.2860000133514404297 1.4900000095367431641 1.3470000028610229492 0.89499998092651367188 0 0.48899999260902404785 0.50499999523162841797 0.69400000572204589844 0.63800001144409179688 0.68800002336502075195 0.48300001025199890137 0.61599999666213989258 0.74099999666213989258 0.34299999475479125977 0.063000001013278961182 0.17499999701976776123 1.4830000400543212891 2.7469999790191650391 2.7609999179840087891 2.6280000209808349609 2.4800000190734863281 2.1849999427795410156
1.4919999837875366211 1.5709999799728393555 1.5440000295639038086 1.6540000438690185547 1.4329999685287475586 1.4759999513626098633 1.0950000286102294922 1.1770000457763671875 1.1820000410079956055 1.0379999876022338867 0.90499997138977050781 0.91500002145767211914 0.92299997806549072266 0.85500001907348632812 0.50499999523162841797 0.32499998807907104492 0.26899999380111694336 0.41600000858306884766 0.73400002717971801758 0.70099997520446777344 0.93800002336502075195 0.9340000152587890625 0.99900001287460327148 1.3370000123977661133 1.4199999570846557617 1.6870000362396240234 0.92199999094009399414 0 0 0.07500000298023223877 0.53399997949600219727 0.54000002145767211914 0.39100000262260437012 0.32800000905990600586 0.40599998831748962402 0.52100002765655517578 0.7210000157356262207 0.6909999847412109375 0.41600000858306884766 0.3819999992847442627 0.85399997234344482422 2.6630001068115234375 2.7039999961853027344 2.625
1.4869999885559082031 1.6080000400543212891 1.7489999532699584961 1.8220000267028808594 1.8099999427795410156 1.6210000514984130859 1.0570000410079956055 1.0290000438690185547 1.0559999942779541016 1.0540000200271606445 1.1560000181198120117 1.2539999485015869141 1.2200000286102294922 0.76499998569488525391 0.60699999332427978516 0.49200001358985900879 0.46700000762939453125 0.75800001621246337891 0.95800000429153442383 1.0440000295639038086 0.92500001192092895508 0.83899998664855957031 0.9039999842643737793 1.243000030517578125 1.4010000228881835938 1.5219999551773071289 1.5909999608993530273 1.868000030517578125 1.9240000247955322266 0 0 0.028999999165534973145 0.3680000007152557373 0.2060000002384185791 0.46900001168251037598 0.42800000309944152832 0.25799998641014099121 0.69900000095367431641 0.80000001192092895508 0.87599998712539672852 0.59500002861022949219 0.84799998998641967773 0.77300000190734863281 2.6849999427795410156
4.9109997749328613281 3.5810000896453857422 1.5420000553131103516 1.9320000410079956055 1.9249999523162841797 1.6080000400543212891 1.4400000572204589844 1.1900000572204589844 1.2250000238418579102 1.2660000324249267578 1.379999995231628418 1.3689999580383300781 1.0360000133514404297 0.5289999842643737793 0.69300001859664916992 0.17499999701976776123 0.33700001239776611328 0.86000001430511474609 1.0390000343322753906 0.88800001144409179688 0.86699998378753662109 0.85799998044967651367 0.97899997234344482422 1.0410000085830688477 0.99000000953674316406 1.4539999961853027344 1.3519999980926513672 1.6599999666213989258 1.8830000162124633789 1.9309999942779541016 1.4730000495910644531 0 0 0.097999997437000274658 0.34400001168251037598 0.42300000786781311035 0.41999998688697814941 0.56800001859664916992 0.48699998855590820312 0.73400002717971801758 0.98699998855590820312 1.0110000371932983398 0.79000002145767211914 0.94400000572204589844
7.1050000190734863281 7.1440000534057617188 4.8949999809265136719 2.2790000438690185547 1.9160000085830688477 1.6690000295639038086 1.4060000181198120117 1.4270000457763671875 1.4040000438690185547 1.4420000314712524414 1.4800000190734863281 1.4379999637603759766 0.84100002050399780273 0.76999998092651367188 0.60799998044967651367 0.67900002002716064453 0.65200001001358032227 0.9779999852180480957 0.80699998140335083008 0.63200002908706665039 0.48300001025199890137 0.90799999237060546875 0.98100000619888305664 1.1870000362396240234 0.84500002861022949219 1.3350000381469726562 1.2489999532699584961 1.4390000104904174805 1.633999943733215332 1.9720000028610229492 1.875 2.0799999237060546875 1.9140000343322753906 0.037999998778104782104 0 0.2430000007152557373 0.35600000619888305664 0.14100000262260437012 0.57599997520446777344 0.62000000476837158203 0.60199999809265136719 0.94300001859664916992 1.1590000391006469727 1.1940000057220458984
7.1030001640319824219 7.1440000534057617188 7.1869997978210449219 7.2259998321533203125 5.2930002212524414062 2.1900000572204589844 1.7350000143051147461 1.4199999570846557617 1.4650000333786010742 1.0789999961853027344 1.4800000190734863281 1.4019999504089355469 0.85000002384185791016 0.86199998855590820312 0.76700001955032348633 0.55599999427795410156 0.97699999809265136719 1.3070000410079956055 0.57800000905990600586 0.82099997997283935547 1.0880000591278076172 1.1139999628067016602 1.0989999771118164062 1.1440000534057617188 1.3480000495910644531 1.1069999933242797852 1.2089999914169311523 1.3450000286102294922 1.5260000228881835938 1.7610000371932983398 2.0179998874664306641 3.4830000400543212891 2.8280000686645507812 2.5199999809265136719 2.6970000267028808594 0.6539999842643737793 0.16099999845027923584 0.31200000643730163574 0.36700001358985900879 0.25099998712539672852 0.85799998044967651367 0.77300000190734863281 0.96399998664855957031 1.2209999561309814453
7.1020002365112304688 7.1409997940063476562 7.1830000877380371094 7.2230000495910644531 7.2680001258850097656 7.3070001602172851562 5.4559998512268066406 3.1240000724792480469 1.4160000085830688477 1.6280000209808349609 1.3029999732971191406 1.5299999713897705078 1.238000035285949707 0.90899997949600219727 0.7870000004768371582 0.93000000715255737305 1.1480000019073486328 1.4199999570846557617 0.80199998617172241211 1.1920000314712524414 1.3519999980926513672 1.3960000276565551758 1.123000025749206543 1.1480000019073486328 1.2730000019073486328 1.1809999942779541016 1.2740000486373901367 1.5499999523162841797 1.4939999580383300781 1.7940000295639038086 1.6419999599456787109 4.7389998435974121094 8.3559999465942382812 3.4270000457763671875 2.5569999217987060547 2.7009999752044677734 2.7790000438690185547 0.56099998950958251953 0.36399999260902404785 0.55599999427795410156 0.61199998855590820312 0.74299997091293334961 0.75499999523162841797 0.86900001764297485352
7.0989999771118164062 7.1380000114440917969 7.1799998283386230469 7.2220001220703125 7.2649998664855957031 7.3070001602172851562 7.3460001945495605469 7.3880000114440917969 7.4270000457763671875 5.368000030517578125 2.1970000267028808594 1.373000025749206543 1.1820000410079956055 1.2009999752044677734 1.0670000314712524414 1.1519999504089355469 1.1940000057220458984 1.5429999828338623047 1.3550000190734863281 1.3550000190734863281 1.7510000467300415039 1.6430000066757202148 1.4889999628067016602 1.5140000581741333008 1.6019999980926513672 1.4800000190734863281 1.5659999847412109375 1.6219999790191650391 1.8059999942779541016 2.1979999542236328125 2.0789999961853027344 2.3459999561309814453 8.3620004653930664062 8.409000396728515625 7.2719998359680175781 4.3270001411437988281 3.0950000286102294922 2.8840000629425048828 3.0020000934600830078 0.54199999570846557617 0.62599998712539672852 0.78799998760223388672 1.0219999551773071289 0.88899999856948852539
