data/Outputs10m/flood2020/Run_1.asc
ncols        104
nrows        112
xllcorner    470406.491399999999
yllcorner    4439304.785899999551
cellsize     9.997971000000
NODATA_value  nan
[rows 19 to 37 of 112, columns 0 to 43 of 104]
3.2330000400543212891 3.2460000514984130859 2.2449998855590820312 2.1740000247955322266 1.7230000495910644531 2.7960000038146972656 4.1350002288818359375 3.7009999752044677734 2.9949998855590820312 0.38299998641014099121 0.37900000810623168945 0.25499999523162841797 0.054999999701976776123 0 0 0 0 0 0 0 0 0 0 0 0 0 0 0.2060000002384185791 0.31900000572204589844 0.34000000357627868652 0.56300002336502075195 0.5659999847412109375 0.52999997138977050781 0.22300000488758087158 0.20000000298023223877 0 0 0 0 0 0 0 0 0
3.2219998836517333984 3.2349998950958251953 3.2490000724792480469 2.9630000591278076172 2.354000091552734375 4.3249998092651367188 5.4130001068115234375 5.7270002365112304688 5.3460001945495605469 2.3919999599456787109 1.0080000162124633789 0.76700001955032348633 0.18700000643730163574 0 0 0 0 0 0 0 0 0 0 0 0 0 0 0 0.15999999642372131348 0.43700000643730163574 0.51399999856948852539 0.49900001287460327148 0.59700000286102294922 0.53200000524520874023 0.125 0 0 0 0 0 0 0 0 0
3.2070000171661376953 3.2269999980926513672 3.2469999790191650391 3.25 3.2539999485015869141 3.4670000076293945312 5.4050002098083496094 5.7319998741149902344 5.7509999275207519531 5.7729997634887695312 5.7930002212524414062 5.8159999847412109375 4.4899997711181640625 2.3450000286102294922 0.043000001460313796997 0.037000000476837158203 0 0 0 0 0 0 0 0 0 0 0 0 0 0.16599999368190765381 0.37900000810623168945 0.25400000810623168945 0.56300002336502075195 0.73100000619888305664 0.52300000190734863281 0.057999998331069946289 0 0 0 0 0 0 0 0
3.2009999752044677734 3.2200000286102294922 3.2409999370574951172 3.2469999790191650391 3.2509999275207519531 4.0520000457763671875 5.7140002250671386719 5.73600006103515625 5.7560000419616699219 5.7789998054504394531 5.8010001182556152344 5.826000213623046875 5.8489999771118164062 5.8810000419616699219 5.8270001411437988281 4.5060000419616699219 2.5850000381469726562 0.84799998998641967773 0.25299999117851257324 0.10700000077486038208 0 0 0 0 0 0 0 0 0 0 0.085000000894069671631 0.22300000488758087158 0.58600002527236938477 0.83499997854232788086 0.68000000715255737305 0.012000000104308128357 0.11699999868869781494 0.42300000786781311035 0.075999997556209564209 0 0 0.13300000131130218506 0 0
3.1900000572204589844 3.2090001106262207031 3.2330000400543212891 3.243000030517578125 3.2479999065399169922 4.6220002174377441406 5.7140002250671386719 5.7369999885559082031 5.7610001564025878906 5.7820000648498535156 5.8039999008178710938 5.8309998512268066406 5.8579998016357421875 5.8880000114440917969 5.9180002212524414062 5.9470000267028808594 5.9759998321533203125 5.2329998016357421875 2.9479999542236328125 0.32499998807907104492 0.34000000357627868652 0.20800000429153442383 0.092000000178813934326 0 0 0 0 0 0 0 0 1.0479999780654907227 1.4079999923706054688 1.1679999828338623047 0.79199999570846557617 1.7369999885559082031 1.5379999876022338867 1.2020000219345092773 0.17399999499320983887 0 0.37299999594688415527 0.62900000810623168945 0.5590000152587890625 0.40700000524520874023
3.1779999732971191406 3.2000000476837158203 3.2209999561309814453 3.2369999885559082031 3.3399999141693115234 5.4159998893737792969 5.7160000801086425781 5.7369999885559082031 5.7620000839233398438 5.7839999198913574219 5.8099999427795410156 5.8379998207092285156 5.8660001754760742188 5.8930001258850097656 5.8379998207092285156 5.8850002288818359375 5.9840002059936523438 5.9060001373291015625 6.0460000038146972656 6.0240001678466796875 3.6840000152587890625 0.69400000572204589844 0.5370000004768371582 0.30500000715255737305 0.21799999475479125977 0.1620000004768371582 0.023000000044703483582 0 0 0 0.18700000643730163574 1.7100000381469726562 1.6109999418258666992 0.98000001907348632812 1.5549999475479125977 2.6719999313354492188 2.5439999103546142578 2.5580000877380371094 1.1820000410079956055 0.67400002479553222656 0.68599998950958251953 0.36500000953674316406 0.46200001239776611328 0.26300001144409179688
3.1670000553131103516 3.1870000362396240234 3.2079999446868896484 3.2309999465942382812 3.8949999809265136719 5.6939997673034667969 5.715000152587890625 5.7389998435974121094 5.7620000839233398438 5.7880001068115234375 5.8119997978210449219 5.840000152587890625 5.8660001754760742188 5.8969998359680175781 5.9279999732971191406 5.6760001182556152344 5.7540001869201660156 5.7750000953674316406 6.0520000457763671875 6.0859999656677246094 6.1199998855590820312 6.1550002098083496094 4.9780001640319824219 1.6080000400543212891 0.55599999427795410156 0.42100000381469726562 0.40900000929832458496 0 0 0 1.3309999704360961914 2.1019999980926513672 0.94400000572204589844 0.85000002384185791016 2.2839999198913574219 2.8659999370574951172 2.7820000648498535156 2.2479999065399169922 1.4199999570846557617 0.79100000858306884766 0.58200001716613769531 0.57200002670288085938 0.45699998736381530762 0.34099999070167541504
3.1519999504089355469 3.1719999313354492188 3.1940000057220458984 3.2200000286102294922 4.6189999580383300781 5.6909999847412109375 5.715000152587890625 5.7369999885559082031 5.76399993896484375 5.7880001068115234375 5.8130002021789550781 5.8420000076293945312 5.8689999580383300781 5.9029998779296875 5.9340000152587890625 5.9629998207092285156 5.993000030517578125 6.0229997634887695312 6.0570001602172851562 6.0890002250671386719 6.1269998550415039062 6.1630001068115234375 6.1999998092651367188 6.2369999885559082031 6.2760000228881835938 5.5229997634887695312 2.4059998989105224609 3.2550001144409179688 2.9059998989105224609 1.3760000467300415039 1.2319999933242797852 1.2999999523162841797 1.2020000219345092773 1.8220000267028808594 2.6949999332427978516 2.3220000267028808594 2.7880001068115234375 2.0629999637603759766 0.82200002670288085938 0.59399998188018798828 0.50599998235702514648 0.5370000004768371582 0.56699997186660766602 0.46799999475479125977
3.1359999179840087891 3.1589999198913574219 3.1840000152587890625 3.3929998874664306641 5.1869997978210449219 5.6859998703002929688 5.7109999656677246094 5.7350001335144042969 5.7620000839233398438 5.7870001792907714844 5.8130002021789550781 5.8429999351501464844 5.8740000724792480469 5.9050002098083496094 5.9340000152587890625 5.9629998207092285156 5.9939999580383300781 6.0279998779296875 5.7210001945495605469 5.7560000419616699219 5.8010001182556152344 5.6849999427795410156 6.2069997787475585938 6.2420001029968261719 6.284999847412109375 6.3229999542236328125 6.368000030517578125 6.4180002212524414062 6.2270002365112304688 5.11100006103515625 3.5859999656677246094 1.9069999456405639648 1.4490000009536743164 1.4620000123977661133 1.5789999961853027344 2.1579999923706054688 2.6349999904632568359 1.9259999990463256836 0.77999997138977050781 0.53600001335144042969 0.5590000152587890625 0.56900000572204589844 0.57999998331069946289 0.59500002861022949219
3.13899993896484375 3.1649999618530273438 3.1870000362396240234 3.9159998893737792969 5.6579999923706054688 5.6830000877380371094 5.7059998512268066406 5.7309999465942382812 5.7589998245239257812 5.784999847412109375 5.8119997978210449219 5.8429999351501464844 5.8740000724792480469 5.9029998779296875 5.9359998703002929688 5.9660000801086425781 5.9970002174377441406 6.0310001373291015625 6.0630002021789550781 6.0989999771118164062 5.5920000076293945312 6.0170001983642578125 6.2100000381469726562 6.2490000724792480469 6.2890000343322753906 6.3309998512268066406 6.375 6.4219999313354492188 6.4699997901916503906 6.5180001258850097656 6.5659999847412109375 4.7969999313354492188 3.2009999752044677734 2.0480000972747802734 1.7050000429153442383 1.741000056266784668 1.9739999771118164062 1.0659999847412109375 0.75199997425079345703 0.6029999852180480957 0.74800002574920654297 0.75900000333786010742 0.61000001430511474609 0.65299999713897705078
3.1610000133514404297 3.1689999103546142578 3.1819999217987060547 4.4730000495910644531 5.6519999504089355469 5.6760001182556152344 5.6999998092651367188 5.7259998321533203125 5.7560000419616699219 5.7859997749328613281 5.8109998703002929688 5.8449997901916503906 5.875 5.9039998054504394531 5.9340000152587890625 5.965000152587890625 6 6.0310001373291015625 6.0669999122619628906 6.1030001640319824219 6.13899993896484375 6.1770000457763671875 6.215000152587890625 6.2540001869201660156 6.29199981689453125 6.3369998931884765625 6.3769998550415039062 6.4250001907348632812 6.4710001945495605469 6.5170001983642578125 6.5630002021789550781 6.6079998016357421875 6.6479997634887695312 6.6909999847412109375 5.3709998130798339844 3.3380000591278076172 2.3499999046325683594 1.0240000486373901367 1.0859999656677246094 1.0260000228881835938 0.91600000858306884766 0.67699998617172241211 0.83600002527236938477 0.74299997091293334961
3.1480000019073486328 3.1579999923706054688 3.4219999313354492188 4.9600000381469726562 5.6420001983642578125 5.66699981689453125 5.6960000991821289062 5.7199997901916503906 5.7509999275207519531 5.7829999923706054688 5.8119997978210449219 5.8410000801086425781 5.8709998130798339844 5.9050002098083496094 5.9359998703002929688 5.9670000076293945312 5.9990000724792480469 6.0339999198913574219 6.0700001716613769531 6.1059999465942382812 6.1430001258850097656 6.1779999732971191406 6.2189998626708984375 6.2560000419616699219 6.298999786376953125 6.3379998207092285156 6.3829998970031738281 6.423999786376953125 6.4689998626708984375 6.5170001983642578125 6.5580000877380371094 6.6020002365112304688 6.6430001258850097656 6.6890001296997070312 6.7259998321533203125 6.7659997940063476562 5.6030001640319824219 4.0859999656677246094 2.0450000762939453125 1.3120000362396240234 1.258999943733215332 1.2350000143051147461 1.1469999551773071289 1.0909999608993530273
3.1400001049041748047 3.1410000324249267578 3.9590001106262207031 5.5970001220703125 5.6290001869201660156 5.659999847412109375 5.6880002021789550781 5.7170000076293945312 5.7459998130798339844 5.7789998054504394531 5.8090000152587890625 5.840000152587890625 5.8699998855590820312 5.9019999504089355469 5.9359998703002929688 5.9679999351501464844 6 6.0359997749328613281 6.0689997673034667969 6.1090002059936523438 6.1430001258850097656 6.1840000152587890625 6.2230000495910644531 6.2620000839233398438 6.298999786376953125 6.3410000801086425781 6.3829998970031738281 6.4260001182556152344 6.4720001220703125 6.5159997940063476562 6.5599999427795410156 6.6009998321533203125 6.6449999809265136719 6.6880002021789550781 6.7249999046325683594 6.7630000114440917969 6.7969999313354492188 6.8350000381469726562 6.8740000724792480469 5.8730001449584960938 3.3550000190734863281 1.4110000133514404297 1.5060000419616699219 1.4370000362396240234
3.1289999485015869141 3.1140000820159912109 4.5920000076293945312 5.5840001106262207031 5.6149997711181640625 5.645999908447265625 5.6770000457763671875 5.7100000381469726562 5.7439999580383300781 5.7750000953674316406 5.8029999732971191406 5.8379998207092285156 5.8689999580383300781 5.9010000228881835938 5.9330000877380371094 5.9660000801086425781 6.0009999275207519531 6.0339999198913574219 6.0739998817443847656 6.1079998016357421875 6.1479997634887695312 6.1830000877380371094 6.2249999046325683594 6.2649998664855957031 6.3020000457763671875 6.3420000076293945312 6.3839998245239257812 6.4260001182556152344 6.4689998626708984375 6.5149998664855957031 6.5560002326965332031 6.5999999046325683594 6.6430001258850097656 6.6840000152587890625 6.7239999771118164062 6.7589998245239257812 6.7969999313354492188 6.8319997787475585938 6.8709998130798339844 6.909999847412109375 6.9470000267028808594 6.2160000801086425781 3.4949998855590820312 1.4630000591278076172
7.4670000076293945312 7.4869999885559082031 7.5060000419616699219 7.5260000228881835938 5.6050000190734863281 5.6370000839233398438 5.6710000038146972656 5.6989998817443847656 5.7069997787475585938 5.3470001220703125 5.7979998588562011719 5.83300018310546875 5.8649997711181640625 5.9000000953674316406 5.9330000877380371094 5.9660000801086425781 6.0019998550415039062 6.0359997749328613281 6.0720000267028808594 6.1100001335144042969 6.1469998359680175781 6.1849999427795410156 6.2270002365112304688 6.2659997940063476562 6.3029999732971191406 6.3439998626708984375 6.3850002288818359375 6.4270000457763671875 6.4689998626708984375 6.5120000839233398438 6.5549998283386230469 6.5980000495910644531 6.63899993896484375 6.6820001602172851562 6.7199997901916503906 6.7550001144409179688 6.7940001487731933594 6.8319997787475585938 6.8709998130798339844 6.9070000648498535156 6.9470000267028808594 6.9840002059936523438 7.0279998779296875 4.1950001716613769531
3.1359999179840087891 3.9289999008178710938 5.5279998779296875 5.5879998207092285156 7.5529999732971191406 7.5720000267028808594 7.5910000801086425781 7.61100006103515625 7.6310000419616699219 5.7649998664855957031 5.7960000038146972656 5.8309998512268066406 5.8629999160766601562 5.895999908447265625 5.9299998283386230469 5.9670000076293945312 6 6.0359997749328613281 6.0729999542236328125 6.11100006103515625 6.1490001678466796875 6.1869997978210449219 6.2249999046325683594 6.2670001983642578125 6.3039999008178710938 6.3439998626708984375 6.3850002288818359375 6.4260001182556152344 6.4679999351501464844 6.5110001564025878906 6.5529999732971191406 6.5970001220703125 6.6370000839233398438 6.6779999732971191406 6.7160000801086425781 6.7540001869201660156 6.7930002212524414062 6.8319997787475585938 6.868000030517578125 6.9039998054504394531 6.9439997673034667969 6.9850001335144042969 7.0260000228881835938 7.0640001296997070312
3.1540000438690185547 4.3200001716613769531 5.6009998321533203125 5.6189999580383300781 5.6350002288818359375 5.6589999198913574219 5.6859998703002929688 5.7140002250671386719 5.7410001754760742188 7.6579999923706054688 7.6779999732971191406 7.6970000267028808594 7.7170000076293945312 7.7379999160766601562 5.9299998283386230469 5.6960000991821289062 5.5739998817443847656 6.0370001792907714844 6.0729999542236328125 6.1119999885559082031 6.1500000953674316406 6.1880002021789550781 6.2259998321533203125 6.2649998664855957031 6.3039999008178710938 6.3439998626708984375 6.3850002288818359375 6.4219999313354492188 6.4640002250671386719 6.4019999504089355469 6.2220001220703125 6.5060000419616699219 6.6350002288818359375 6.6760001182556152344 6.7140002250671386719 6.75 6.7909998893737792969 6.8270001411437988281 6.8639998435974121094 6.9039998054504394531 6.9439997673034667969 6.9819998741149902344 7.0229997634887695312 7.0640001296997070312
3.1760001182556152344 4.2509999275207519531 5.6279997825622558594 5.6449999809265136719 5.6640000343322753906 5.6869997978210449219 5.70800018310546875 5.0939998626708984375 5.2259998321533203125 5.4380002021789550781 5.6339998245239257812 5.8460001945495605469 5.8759999275207519531 5.9050002098083496094 7.7649998664855957031 7.7859997749328613281 7.8060002326965332031 7.826000213623046875 7.8480000495910644531 6.1100001335144042969 5.8740000724792480469 5.8039999008178710938 5.4819998741149902344 5.9800000190734863281 6.3039999008178710938 6.3439998626708984375 6.3839998245239257812 6.423999786376953125 6.465000152587890625 6.2659997940063476562 6.4670000076293945312 6.4730000495910644531 6.534999847412109375 6.6370000839233398438 6.7090001106262207031 6.7480001449584960938 6.7870001792907714844 6.8229999542236328125 6.8600001335144042969 6.9000000953674316406 6.9400000572204589844 6.9809999465942382812 7.0190000534057617188 7.0609998703002929688
3.1979999542236328125 4.3569998741149902344 5.6519999504089355469 5.6690001487731933594 5.6880002021789550781 5.7090001106262207031 5.5580000877380371094 5.2319998741149902344 5.2170000076293945312 4.8439998626708984375 4.7829999923706054688 5.3289999961853027344 5.8940000534057617188 5.9260001182556152344 5.951000213623046875 5.9840002059936523438 6.0180001258850097656 6.0529999732971191406 6.08300018310546875 7.8759999275207519531 7.8969998359680175781 7.9190001487731933594 7.9400000572204589844 7.9619998931884765625 6.3080000877380371094 5.6100001335144042969 6.3829998970031738281 6.4190001487731933594 6.4559998512268066406 6.3189997673034667969 5.8909997940063476562 6.2540001869201660156 5.9920001029968261719 5.6259999275207519531 6.7069997787475585938 6.7459998130798339844 6.7820000648498535156 6.8210000991821289062 6.8579998016357421875 6.8990001678466796875 6.9359998703002929688 6.9770002365112304688 7.0190000534057617188 7.0570001602172851562
