data/Outputs10m/flood2020/Run_1.asc
ncols        104
nrows        112
xllcorner    470406.491399999999
yllcorner    4439304.785899999551
cellsize     9.997971000000
NODATA_value  nan
[rows 38 to 56 of 112, columns 0 to 43 of 104]
3.2190001010894775391 4.2870001792907714844 5.673999786376953125 5.6909999847412109375 5.7090001106262207031 5.7300000190734863281 5.4070000648498535156 5.6680002212524414062 5.5100002288818359375 5.0679998397827148438 5.4359998703002929688 5.4299998283386230469 5.9089999198913574219 5.9369997978210449219 5.9689998626708984375 5.9990000724792480469 6.0359997749328613281 6.0689997673034667969 6.0999999046325683594 6.1339998245239257812 6.1690001487731933594 6.2039999961853027344 6.243000030517578125 6.2769999504089355469 7.9920001029968261719 8.01399993896484375 8.0360002517700195312 8.0579996109008789062 8.0819997787475585938 6.0240001678466796875 6.1539998054504394531 5.9730000495910644531 6.4140000343322753906 6.6620001792907714844 6.7020001411437988281 6.7399997711181640625 6.7760000228881835938 6.8159999847412109375 6.854000091552734375 6.8940000534057617188 6.9320001602172851562 6.9730000495910644531 7.0149998664855957031 7.0560002326965332031
3.2390000820159912109 4.2280001640319824219 5.6939997673034667969 5.7109999656677246094 5.729000091552734375 5.7519998550415039062 5.7729997634887695312 5.4539999961853027344 5.8220000267028808594 5.8470001220703125 5.8720002174377441406 5.8990001678466796875 5.9260001182556152344 5.9549999237060546875 5.98600006103515625 6.0159997940063476562 6.0520000457763671875 6.08300018310546875 6.1170001029968261719 6.1519999504089355469 6.1869997978210449219 6.2230000495910644531 6.2610001564025878906 6.2969999313354492188 6.3289999961853027344 6.3649997711181640625 6.4010000228881835938 6.4369997978210449219 6.4720001220703125 8.1129999160766601562 8.1359996795654296875 8.159000396728515625 8.1829996109008789062 6.2979998588562011719 6.6999998092651367188 6.7340002059936523438 6.7690000534057617188 6.8109998703002929688 6.8520002365112304688 6.88899993896484375 6.9289999008178710938 6.9710001945495605469 7.0100002288818359375 7.0520000457763671875
3.2579998970031738281 4.145999908447265625 5.7129998207092285156 5.729000091552734375 5.75 5.7690000534057617188 5.7930002212524414062 5.6690001487731933594 5.8410000801086425781 5.8619999885559082031 5.8870000839233398438 4.8619999885559082031 5.1779999732971191406 5.9710001945495605469 6 6.034999847412109375 6.0659999847412109375 6.0989999771118164062 6.1339998245239257812 6.1659998893737792969 6.2049999237060546875 6.2410001754760742188 6.2800002098083496094 6.3169999122619628906 6.3530001640319824219 6.3870000839233398438 6.423999786376953125 6.4609999656677246094 6.4970002174377441406 6.5320000648498535156 6.5679998397827148438 6.6020002365112304688 8.2060003280639648438 8.229999542236328125 8.2530002593994140625 8.27700042724609375 8.3020000457763671875 6.8080000877380371094 6.8480000495910644531 6.8870000839233398438 6.9260001182556152344 6.9670000076293945312 7.0089998245239257812 7.0510001182556152344
3.2720000743865966797 4.2459998130798339844 5.7300000190734863281 5.7490000724792480469 5.7670001983642578125 5.7890000343322753906 5.8060002326965332031 5.8299999237060546875 5.8559999465942382812 5.8790001869201660156 5.9039998054504394531 5.9299998283386230469 5.5749998092651367188 5.4439997673034667969 5.923999786376953125 6.0479998588562011719 6.0809998512268066406 6.1119999885559082031 6.1469998359680175781 6.1830000877380371094 6.2189998626708984375 6.2589998245239257812 6.298999786376953125 6.3369998931884765625 6.3720002174377441406 6.409999847412109375 6.4479999542236328125 6.4850001335144042969 6.5229997634887695312 6.5599999427795410156 6.5970001220703125 6.6310000419616699219 6.6620001792907714844 6.6939997673034667969 6.7259998321533203125 6.756999969482421875 8.326000213623046875 8.3500003814697265625 8.375 8.3999996185302734375 8.4259996414184570312 6.9660000801086425781 7.0089998245239257812 7.048999786376953125
3.2880001068115234375 4.16699981689453125 5.7459998130798339844 5.7649998664855957031 5.7789998054504394531 5.8010001182556152344 5.8200001716613769531 5.8470001220703125 5.8689999580383300781 5.895999908447265625 5.91699981689453125 5.9450001716613769531 5.9710001945495605469 5.9990000724792480469 6.0300002098083496094 6.0630002021789550781 6.0960001945495605469 6.1269998550415039062 6.1620001792907714844 6.1989998817443847656 6.2389998435974121094 6.2729997634887695312 6.3150000572204589844 6.354000091552734375 6.3930001258850097656 6.4320001602172851562 6.4710001945495605469 6.5100002288818359375 6.548999786376953125 6.5869998931884765625 6.6259999275207519531 6.6609997749328613281 6.6919999122619628906 6.7239999771118164062 6.7529997825622558594 6.784999847412109375 6.8159999847412109375 6.8449997901916503906 6.8779997825622558594 6.909999847412109375 8.4499998092651367188 8.4759998321533203125 8.5019998550415039062 8.5279998779296875
3.3059999942779541016 4.0929999351501464844 5.7600002288818359375 5.7760000228881835938 5.7960000038146972656 5.8140001296997070312 5.8369998931884765625 5.8600001335144042969 5.881999969482421875 5.9079999923706054688 5.9320001602172851562 5.9569997787475585938 5.9819998741149902344 6.0130000114440917969 6.0440001487731933594 6.076000213623046875 6.1069998741149902344 6.1440000534057617188 6.1770000457763671875 6.2140002250671386719 6.2519998550415039062 6.2899999618530273438 6.33300018310546875 6.3730001449584960938 6.4140000343322753906 6.451000213623046875 6.4949998855590820312 6.534999847412109375 6.5729999542236328125 6.6149997711181640625 6.6510000228881835938 6.6869997978210449219 6.7199997901916503906 6.7519998550415039062 6.7839999198913574219 6.8159999847412109375 6.8480000495910644531 6.8769998550415039062 6.9089999198913574219 6.9380002021789550781 6.9699997901916503906 7.0029997825622558594 7.0359997749328613281 8.5530004501342773438
3.3190000057220458984 4.1919999122619628906 5.7729997634887695312 5.79199981689453125 5.8090000152587890625 5.8270001411437988281 5.8489999771118164062 5.8720002174377441406 5.8969998359680175781 5.9190001487731933594 5.9419999122619628906 5.9670000076293945312 5.9949998855590820312 6.0219998359680175781 6.0529999732971191406 6.0859999656677246094 6.1189999580383300781 6.1539998054504394531 6.1869997978210449219 6.2280001640319824219 6.2670001983642578125 6.3060002326965332031 6.3499999046325683594 6.3920001983642578125 6.4340000152587890625 6.4739999771118164062 6.5159997940063476562 6.5609998703002929688 6.5999999046325683594 6.6399998664855957031 6.6810002326965332031 6.7140002250671386719 6.75 6.7829999923706054688 6.8119997978210449219 6.8439998626708984375 6.8759999275207519531 6.9079999923706054688 6.9400000572204589844 6.9689998626708984375 7.0019998550415039062 7.0339999198913574219 7.0669999122619628906 7.0970001220703125
3.3320000171661376953 4.0949997901916503906 5.7859997749328613281 5.8039999008178710938 5.8210000991821289062 5.8379998207092285156 5.8600001335144042969 5.8829998970031738281 5.9070000648498535156 5.9320001602172851562 5.9549999237060546875 5.979000091552734375 6.006999969482421875 6.0339999198913574219 6.0650000572204589844 6.0970001220703125 6.1310000419616699219 6.1659998893737792969 6.1989998817443847656 6.2379999160766601562 6.2800002098083496094 6.3220000267028808594 6.3670001029968261719 6.4109997749328613281 6.4549999237060546875 6.4990000724792480469 6.5399999618530273438 6.5869998931884765625 6.6300001144409179688 6.6690001487731933594 6.7109999656677246094 6.7449998855590820312 6.7779998779296875 6.8109998703002929688 6.8429999351501464844 6.875 6.9070000648498535156 6.9359998703002929688 6.9679999351501464844 7 7.0289998054504394531 7.0619997978210449219 7.0949997901916503906 7.1279997825622558594
3.3429999351501464844 4.0019998550415039062 5.7969999313354492188 5.8150000572204589844 5.8319997787475585938 5.8489999771118164062 5.8699998855590820312 5.8930001258850097656 5.9159998893737792969 5.9409999847412109375 5.9629998207092285156 5.9899997711181640625 6.0149998664855957031 6.0440001487731933594 6.0749998092651367188 6.1069998741149902344 6.1380000114440917969 6.1729998588562011719 6.2100000381469726562 6.2490000724792480469 6.2930002212524414062 6.3319997787475585938 6.3829998970031738281 6.4260001182556152344 6.4749999046325683594 6.5180001258850097656 6.5619997978210449219 6.61100006103515625 6.6560001373291015625 6.6999998092651367188 6.7410001754760742188 6.7760000228881835938 6.8060002326965332031 6.8420000076293945312 6.8709998130798339844 6.9029998779296875 6.9349999427795410156 6.9670000076293945312 6.9959998130798339844 7.0310001373291015625 7.0599999427795410156 7.0929999351501464844 7.1259999275207519531 7.1560001373291015625
3.3529999256134033203 4.0980000495910644531 5.8070001602172851562 5.8249998092651367188 5.8439998626708984375 5.8579998016357421875 5.8829998970031738281 5.9019999504089355469 5.9250001907348632812 5.9489998817443847656 5.9710001945495605469 5.9970002174377441406 6.0240001678466796875 6.0500001907348632812 6.0799999237060546875 6.1149997711181640625 6.145999908447265625 6.1849999427795410156 6.2189998626708984375 6.2579998970031738281 6.3000001907348632812 6.3470001220703125 6.3949999809265136719 6.4439997673034667969 6.4920001029968261719 6.5399999618530273438 6.590000152587890625 6.63899993896484375 6.6859998703002929688 6.7280001640319824219 6.7740001678466796875 6.8049998283386230469 6.8379998207092285156 6.8709998130798339844 6.9029998779296875 6.9340000152587890625 6.9660000801086425781 6.9980001449584960938 7.0260000228881835938 7.0580000877380371094 7.0910000801086425781 7.1199998855590820312 7.1529998779296875 7.1859998703002929688
4.1999998092651367188 3.9300000667572021484 5.8130002021789550781 5.8309998512268066406 5.8499999046325683594 5.8699998855590820312 5.8909997940063476562 5.909999847412109375 5.9349999427795410156 5.9549999237060546875 5.9800000190734863281 6.0050001144409179688 6.0289998054504394531 6.0570001602172851562 6.090000152587890625 6.1189999580383300781 6.1529998779296875 6.1890001296997070312 6.2230000495910644531 6.2620000839233398438 6.3070001602172851562 6.3530001640319824219 6.4079999923706054688 6.4629998207092285156 6.5120000839233398438 6.5619997978210449219 6.6149997711181640625 6.6649999618530273438 6.7199997901916503906 6.7620000839233398438 6.8049998283386230469 6.8390002250671386719 6.8709998130798339844 6.9000000953674316406 6.9320001602172851562 6.9629998207092285156 6.9970002174377441406 7.0260000228881835938 7.0570001602172851562 7.0859999656677246094 7.118000030517578125 7.1500000953674316406 7.1820001602172851562 7.215000152587890625
1.0440000295639038086 1.7159999608993530273 3.1930000782012939453 3.3029999732971191406 3.98600006103515625 4.7439999580383300781 4.3439998626708984375 4.7340002059936523438 5.0700001716613769531 3.5899999141693115234 3.7809998989105224609 4.4460000991821289062 4.5199999809265136719 4.8639998435974121094 6.1129999160766601562 6.1240000724792480469 6.1579999923706054688 6.1939997673034667969 6.2309999465942382812 6.2659997940063476562 6.3099999427795410156 6.3550000190734863281 3.8280000686645507812 1.6499999761581420898 2.0699999332427978516 2.6289999485015869141 2.2049999237060546875 4.3359999656677246094 6.5729999542236328125 6.8010001182556152344 6.8379998207092285156 6.8699998855590820312 6.9019999504089355469 6.9330000877380371094 6.9640002250671386719 6.9939999580383300781 7.0250000953674316406 7.0529999732971191406 7.0869998931884765625 7.1160001754760742188 7.1479997634887695312 7.1799998283386230469 7.2090001106262207031 7.2420001029968261719
1.004999995231628418 1.0130000114440917969 1.5329999923706054688 1.9509999752044677734 2.1070001125335693359 1.9680000543594360352 2.2960000038146972656 3.3050000667572021484 2.4969999790191650391 1.7150000333786010742 1.4659999608993530273 1.2640000581741333008 0.83099997043609619141 0.68199998140335083008 1.4630000591278076172 2.6860001087188720703 3.7209999561309814453 3.6440000534057617188 3.0829999446868896484 3.2030000686645507812 3.6989998817443847656 3.0150001049041748047 0 0.11299999803304672241 0.048000000417232513428 0.00899999961256980896 0.057000000029802322388 0.063000001013278961182 0.61299997568130493164 0.77799999713897705078 0.69499999284744262695 2.0020000934600830078 1.7180000543594360352 0.44900000095367431641 1.3810000419616699219 4.4200000762939453125 5.3280000686645507812 5.4499998092651367188 7.1139998435974121094 7.145999908447265625 7.1770000457763671875 7.2059998512268066406 7.2379999160766601562 7.270999908447265625
1.4129999876022338867 1.5670000314712524414 1.8380000591278076172 1.9420000314712524414 2.1679999828338623047 2.1879999637603759766 2.3210000991821289062 2.7219998836517333984 2.2890000343322753906 1.9229999780654907227 1.5 1.1929999589920043945 0.66699999570846557617 0.43299999833106994629 0.25900000333786010742 0 0 0 0 0 0 0 0 0.079999998211860656738 0.086000002920627593994 0.10000000149011611938 0.074000000953674316406 0.18000000715255737305 0.80000001192092895508 1.0540000200271606445 1.0559999942779541016 1.1260000467300415039 0.25499999523162841797 0.58499997854232788086 0.67199999094009399414 0.90299999713897705078 0.95399999618530273438 1.1610000133514404297 1.1549999713897705078 1.1579999923706054688 1.5950000286102294922 2.9219999313354492188 2.6860001087188720703 4.1409997940063476562
0.90799999237060546875 0.64200001955032348633 0.63899999856948852539 0.73799997568130493164 1.2359999418258666992 1.1640000343322753906 3.6310000419616699219 1.4650000333786010742 1.7419999837875366211 1.8109999895095825195 1.6069999933242797852 1.4420000314712524414 1.3409999608993530273 0.73299998044967651367 0.041000001132488250732 0 0 0 0 0 0 0 0 0.013000000268220901489 0.052000001072883605957 0.072999998927116394043 0 0.97299998998641967773 1.129999995231628418 1.379999995231628418 1.6050000190734863281 1.6790000200271606445 1.3339999914169311523 1.8669999837875366211 2.0599999427795410156 2.1349999904632568359 2.2620000839233398438 1.8400000333786010742 1.2150000333786010742 0.5289999842643737793 0.49000000953674316406 0.13400000333786010742 0.53500002622604370117 1.9479999542236328125
0.20700000226497650146 0.096000000834465026855 0.46200001239776611328 0.51800000667572021484 0.96399998664855957031 2.5009999275207519531 0.875 1.0620000362396240234 1.4049999713897705078 1.5900000333786010742 1.6440000534057617188 1.4229999780654907227 1.1540000438690185547 1.1660000085830688477 0.98900002241134643555 0 0 0 0 0 0 0 0 0.0070000002160668373108 0.061000000685453414917 0.052999999374151229858 0 1.1840000152587890625 1.2100000381469726562 1.4780000448226928711 1.6519999504089355469 1.8409999608993530273 1.9210000038146972656 2.0789999961853027344 2.2369999885559082031 2.1589999198913574219 2.0629999637603759766 2.0739998817443847656 2.1159999370574951172 1.8500000238418579102 1.4179999828338623047 1.1649999618530273438 1.8609999418258666992 1.9939999580383300781
0 0 0.20499999821186065674 0.56099998950958251953 1.9240000247955322266 2.1470000743865966797 0.43200001120567321777 0.57599997520446777344 0.96100002527236938477 1.3400000333786010742 1.5190000534057617188 1.1849999427795410156 1.0160000324249267578 0.95800000429153442383 0.93199998140335083008 0 0 0 0 0 0 0 0 0.010999999940395355225 0.090999998152256011963 0 1.2120000123977661133 1.386999964714050293 1.3129999637603759766 1.6009999513626098633 1.7189999818801879883 1.8209999799728393555 1.8090000152587890625 2.0090000629425048828 2.0880000591278076172 2.0360000133514404297 2.1989998817443847656 2.0199999809265136719 1.5989999771118164062 1.7079999446868896484 1.3300000429153442383 2.0429999828338623047 1.5839999914169311523 2.3020000457763671875
0 0 0 2.5510001182556152344 2.5160000324249267578 0.31099998950958251953 0.48500001430511474609 0.6470000147819519043 0.86400002241134643555 1.2309999465942382812 1.4889999628067016602 1.258999943733215332 1.0349999666213989258 0.9710000157356262207 0.60000002384185791016 0 0 0 0 0 0.16400000452995300293 0.017000000923871994019 0 0.079000003635883331299 0.14699999988079071045 0.70899999141693115234 1.1770000457763671875 1.4190000295639038086 1.506999969482421875 1.625 1.7369999885559082031 1.8240000009536743164 1.2999999523162841797 1.7009999752044677734 2.0499999523162841797 2.1229999065399169922 2.1760001182556152344 2.1010000705718994141 1.9470000267028808594 1.8940000534057617188 1.7109999656677246094 1.5770000219345092773 2.3550000190734863281 2.5539999008178710938
0 0 0.43299999833106994629 3.0429999828338623047 0.74199998378753662109 1.0540000200271606445 1.0290000438690185547 0.99199998378753662109 0.96799999475479125977 0.93300002813339233398 1.4680000543594360352 0.92500001192092895508 0.81099998950958251953 0.86100000143051147461 0.64399999380111694336 0 0 0 0 0 0.18400000035762786865 0.19599999487400054932 0.17100000381469726562 0.17100000381469726562 0.07100000232458114624 1.0579999685287475586 1.1480000019073486328 1.2799999713897705078 1.4259999990463256836 1.613000035285949707 1.7389999628067016602 1.8350000381469726562 1.866000056266784668 1.8580000400543212891 1.9450000524520874023 2.1119999885559082031 1.9390000104904174805 2.0950000286102294922 2.2609999179840087891 2.3299999237060546875 2.3689999580383300781 2.0820000171661376953 2.3359999656677246094 2.7049999237060546875
