data/Outputs10m/flood2020/Run_1.asc
ncols        104
nrows        112
xllcorner    470406.491399999999
yllcorner    4439304.785899999551
cellsize     9.997971000000
NODATA_value  nan
[rows 38 to 56 of 112, columns 44 to 87 of 104]
7.0949997901916503906 7.1380000114440917969 7.1799998283386230469 7.2220001220703125 7.2610001564025878906 7.3070001602172851562 7.3460001945495605469 7.3880000114440917969 7.4270000457763671875 7.4720001220703125 7.51399993896484375 5.6500000953674316406 1.8600000143051147461 1.1569999456405639648 1.3250000476837158203 1.3259999752044677734 1.2860000133514404297 1.5590000152587890625 1.6859999895095825195 1.9090000391006469727 1.756999969482421875 2.0280001163482666016 1.8980000019073486328 1.9689999818801879883 1.9630000591278076172 1.8760000467300415039 1.6219999790191650391 1.6759999990463256836 1.7979999780654907227 2.2790000438690185547 1.2139999866485595703 0.54199999570846557617 2.3670001029968261719 8.4209995269775390625 8.4670000076293945312 8.51399993896484375 6.6409997940063476562 3.6630001068115234375 2.9210000038146972656 3.0880000591278076172 3.2660000324249267578 1.0099999904632568359 0.77399998903274536133 0.89499998092651367188
7.0949997901916503906 7.1370000839233398438 7.1789999008178710938 7.2220001220703125 7.2610001564025878906 7.3039999008178710938 7.3429999351501464844 7.3850002288818359375 7.4279999732971191406 7.4730000495910644531 7.5149998664855957031 7.5570001602172851562 7.604000091552734375 4.9569997787475585938 1.9110000133514404297 1.3689999580383300781 1.506999969482421875 1.8480000495910644531 1.9939999580383300781 2.1349999904632568359 2.0840001106262207031 2.2209999561309814453 2.2660000324249267578 2.23600006103515625 1.9609999656677246094 2.1749999523162841797 1.863000035285949707 1.8320000171661376953 1.8980000019073486328 1.0360000133514404297 0 0 0 0.086000002920627593994 2.0729999542236328125 8.5249996185302734375 8.5670003890991210938 8.604999542236328125 5.9439997673034667969 3.2699999809265136719 3.1510000228881835938 3.2999999523162841797 3.4849998950958251953 1.5590000152587890625
7.0939998626708984375 7.1339998245239257812 7.1760001182556152344 7.2179999351501464844 7.2610001564025878906 7.3010001182556152344 7.3429999351501464844 7.3829998970031738281 7.4279999732971191406 7.4739999771118164062 7.5159997940063476562 7.5590000152587890625 7.6069998741149902344 7.6490001678466796875 7.6929998397827148438 6.8689999580383300781 4.5869998931884765625 2.5060000419616699219 2.2679998874664306641 2.3810000419616699219 2.5590000152587890625 2.4679999351501464844 2.1960000991821289062 1.9010000228881835938 2.2620000839233398438 2.2339999675750732422 2.0290000438690185547 1.7419999837875366211 0 0 0 0 0 0 0 1.2009999752044677734 5.7179999351501464844 8.6190004348754882812 8.6560001373291015625 4.1170001029968261719 2.9820001125335693359 3.1310000419616699219 3.4000000953674316406 3.4649999141693115234
7.0910000801086425781 7.1339998245239257812 7.1750001907348632812 7.2140002250671386719 7.2579998970031738281 7.3010001182556152344 7.3429999351501464844 7.3829998970031738281 7.4260001182556152344 7.4749999046325683594 7.5180001258850097656 7.5640001296997070312 7.6090002059936523438 7.6550002098083496094 7.6999998092651367188 7.7389998435974121094 7.7839999198913574219 7.618000030517578125 4.6469998359680175781 4.215000152587890625 3.8629999160766601562 2.7920000553131103516 2.5480000972747802734 1.8999999761581420898 1.3040000200271606445 2.4249999523162841797 2.5199999809265136719 0.60000002384185791016 0 0 0 0 0 0 0 0 4.1609997749328613281 8.63899993896484375 6.4549999237060546875 4.2550001144409179688 2.9330000877380371094 6.354000091552734375 5.2699999809265136719 3.2739999294281005859
7.0920000076293945312 7.1350002288818359375 7.1750001907348632812 7.2119998931884765625 7.2579998970031738281 7.3010001182556152344 7.3429999351501464844 7.3829998970031738281 7.4270000457763671875 7.4739999771118164062 7.5199999809265136719 7.5659999847412109375 7.6119999885559082031 7.6550002098083496094 7.701000213623046875 7.7470002174377441406 7.7930002212524414062 7.8350000381469726562 7.8800001144409179688 7.9210000038146972656 6.6630001068115234375 4.8790001869201660156 2.8650000095367431641 2.8580000400543212891 2.5929999351501464844 2.631999969482421875 1.4140000343322753906 1.113000035285949707 0 0 0 0 0 0 0 2.8580000400543212891 6.4330000877380371094 8.6789999008178710938 4.5789999961853027344 4.0529999732971191406 3.0940001010894775391 6.4079999923706054688 6.2020001411437988281 2.9560000896453857422
8.5790004730224609375 8.6059999465942382812 8.6330003738403320312 8.659999847412109375 7.2589998245239257812 7.298999786376953125 7.340000152587890625 7.381999969482421875 7.4310002326965332031 7.4749999046325683594 7.5219998359680175781 7.5679998397827148438 7.6149997711181640625 7.6609997749328613281 7.70800018310546875 7.7529997825622558594 7.8000001907348632812 7.8429999351501464844 7.88899993896484375 7.9340000152587890625 7.979000091552734375 8.0190000534057617188 6.8660001754760742188 5.2480001449584960938 3.2330000400543212891 2.9360001087188720703 2.1600000858306884766 0.86400002241134643555 0 0 0 0 0.057999998331069946289 1.0210000276565551758 1.7469999790191650391 5.1729998588562011719 8.6700000762939453125 8.7130002975463867188 4.3119997978210449219 4.375 3.0130000114440917969 2.9590001106262207031 3.0030000209808349609 2.8670001029968261719
7.1310000419616699219 7.1659998893737792969 7.1970000267028808594 8.687000274658203125 8.7139997482299804688 8.7410001754760742188 8.7690000534057617188 8.798000335693359375 7.4340000152587890625 7.4780001640319824219 7.5240001678466796875 7.5700001716613769531 7.6170001029968261719 7.6640000343322753906 7.7119998931884765625 7.7610001564025878906 7.8060002326965332031 7.8509998321533203125 7.8990001678466796875 7.9450001716613769531 7.9910001754760742188 8.0329999923706054688 8.0670003890991210938 8.09799957275390625 7.5879998207092285156 5.4780001640319824219 4.5679998397827148438 1.8070000410079956055 0 0 0 0 0.42399999499320983887 1.625 2.354000091552734375 7.6620001792907714844 8.6999998092651367188 4.4970002174377441406 4.4970002174377441406 4.673999786376953125 5.0110001564025878906 5.1620001792907714844 3.2309999465942382812 2.6349999904632568359
7.1620001792907714844 7.1960000991821289062 7.2309999465942382812 7.2620000839233398438 7.2969999313354492188 7.33300018310546875 7.3660001754760742188 8.8249998092651367188 8.8529996871948242188 8.881999969482421875 8.9119997024536132812 7.576000213623046875 7.6189999580383300781 7.6680002212524414062 7.7160000801086425781 7.7670001983642578125 7.8140001296997070312 7.8660001754760742188 7.9120001792907714844 7.9600000381469726562 8.0039997100830078125 8.0450000762939453125 8.0810003280639648438 8.1140003204345703125 8.1490001678466796875 8.1820001602172851562 7.7129998207092285156 5.9050002098083496094 3.5299999713897705078 2.1719999313354492188 0.067000001668930053711 0 0.44900000095367431641 1.9800000190734863281 4.5320000648498535156 8.6719999313354492188 8.7220001220703125 4.2979998588562011719 4.2049999237060546875 4.7859997749328613281 5.0300002098083496094 5.1240000724792480469 3.0480000972747802734 2.4030001163482666016
7.1919999122619628906 7.2230000495910644531 7.256999969482421875 7.29199981689453125 7.3270001411437988281 7.3590002059936523438 7.3979997634887695312 7.4340000152587890625 7.4739999771118164062 7.5089998245239257812 7.5500001907348632812 8.951999664306640625 8.9820003509521484375 9.0120000839233398438 7.7210001945495605469 7.7760000228881835938 7.8249998092651367188 7.8730001449584960938 7.9229998588562011719 7.9759998321533203125 8.0179996490478515625 8.0600004196166992188 8.0959997177124023438 8.1309995651245117188 8.1689996719360351562 8.2049999237060546875 8.2460002899169921875 8.2889995574951171875 6.6440000534057617188 5.1760001182556152344 3.7490000724792480469 2.9130001068115234375 2.4820001125335693359 3.9479999542236328125 6.1519999504089355469 8.6920003890991210938 5.6589999198913574219 4.2589998245239257812 4.2210001945495605469 4.8559999465942382812 4.9330000877380371094 4.6560001373291015625 2.8429999351501464844 2.6140000820159912109
7.2220001220703125 7.2529997825622558594 7.2870001792907714844 7.3179998397827148438 7.3530001640319824219 7.3880000114440917969 7.423999786376953125 7.4660000801086425781 7.5019998550415039062 7.5399999618530273438 7.5780000686645507812 7.6149997711181640625 7.6550002098083496094 9.04199981689453125 9.0719995498657226562 9.1029996871948242188 7.8379998207092285156 7.8860001564025878906 7.9380002021789550781 7.98600006103515625 8.0329999923706054688 8.0729999542236328125 8.1099996566772460938 8.1499996185302734375 8.1899995803833007812 8.2279996871948242188 8.2679996490478515625 8.3140001296997070312 8.36100006103515625 8.409000396728515625 8.4630002975463867188 6.4710001945495605469 5.3800001144409179688 5.7950000762939453125 8.6479997634887695312 8.7110004425048828125 4.4439997673034667969 4.2750000953674316406 4.23600006103515625 4.159999847412109375 4.0229997634887695312 3.9270000457763671875 3.0840001106262207031 2.8289999961853027344
7.2490000724792480469 7.2820000648498535156 7.3159999847412109375 7.3470001220703125 7.381999969482421875 7.41699981689453125 7.4520001411437988281 7.4939999580383300781 7.5300002098083496094 7.5679998397827148438 7.6069998741149902344 7.645999908447265625 7.6859998703002929688 7.7270002365112304688 7.7690000534057617188 9.1330003738403320312 9.1639995574951171875 9.19499969482421875 7.9520001411437988281 8.0019998550415039062 8.0450000762939453125 8.0869998931884765625 8.1280002593994140625 8.1700000762939453125 8.20800018310546875 8.25 8.2910003662109375 8.3360004425048828125 8.3809995651245117188 8.4270000457763671875 8.4779996871948242188 8.5229997634887695312 8.5710000991821289062 7.9800000190734863281 8.6660003662109375 8.7259998321533203125 4.3759999275207519531 3.8139998912811279297 3.8840000629425048828 3.9319999217987060547 3.9119999408721923828 3.729000091552734375 3.5669999122619628906 3.0899999141693115234
7.2750000953674316406 7.3109998703002929688 7.3449997901916503906 7.3759999275207519531 7.4079999923706054688 7.4450001716613769531 7.4809999465942382812 7.5190000534057617188 7.5580000877380371094 7.5999999046325683594 7.6360001564025878906 7.6760001182556152344 7.7189998626708984375 7.7600002288818359375 7.798999786376953125 7.8449997901916503906 7.8860001564025878906 9.2259998321533203125 9.256999969482421875 9.2899999618530273438 8.062000274658203125 8.1000003814697265625 8.1429996490478515625 8.1859998703002929688 8.2250003814697265625 8.2679996490478515625 8.3079996109008789062 8.3529996871948242188 8.3970003128051757812 8.444000244140625 8.4899997711181640625 8.5380001068115234375 8.5810003280639648438 8.6309995651245117188 8.680999755859375 8.7399997711181640625 4.0240001678466796875 3.604000091552734375 3.5260000228881835938 4.1700000762939453125 4.0269999504089355469 3.8759999275207519531 3.4409999847412109375 3.3220000267028808594
7.3029999732971191406 7.3369998931884765625 7.3699998855590820312 7.4039998054504394531 7.4359998703002929688 7.4699997901916503906 7.5120000839233398438 7.5469999313354492188 7.5859999656677246094 7.625 7.6640000343322753906 7.7039999961853027344 7.7480001449584960938 7.7890000343322753906 7.8319997787475585938 7.8740000724792480469 7.9180002212524414062 7.9629998207092285156 8.0080003738403320312 9.3210000991821289062 9.354000091552734375 9.3870000839233398438 8.1619997024536132812 8.201000213623046875 8.2449998855590820312 8.2880001068115234375 8.3280000686645507812 8.3719997406005859375 8.4139995574951171875 8.4610004425048828125 8.5050001144409179688 8.548999786376953125 8.5920000076293945312 8.6479997634887695312 8.701000213623046875 8.7530002593994140625 5.4260001182556152344 4.4470000267028808594 4.1490001678466796875 4.1690001487731933594 4.048999786376953125 3.8499999046325683594 3.6940000057220458984 3.5390000343322753906
6.9539999961853027344 7.3649997711181640625 7.3979997634887695312 7.4289999008178710938 7.4640002250671386719 7.4980001449584960938 7.5390000343322753906 7.5780000686645507812 7.6170001029968261719 7.6560001373291015625 7.6950001716613769531 7.73600006103515625 7.7760000228881835938 7.8179998397827148438 7.8629999160766601562 7.9029998779296875 7.9460000991821289062 7.9910001754760742188 8.0329999923706054688 8.0729999542236328125 8.1099996566772460938 9.4189996719360351562 9.451999664306640625 9.48600006103515625 8.2620000839233398438 8.3039999008178710938 8.3459997177124023438 8.3850002288818359375 8.4270000457763671875 8.47299957275390625 8.5170001983642578125 8.5640001296997070312 8.6129999160766601562 8.6660003662109375 8.7239999771118164062 8.770999908447265625 8.8109998703002929688 7.0590000152587890625 5.6840000152587890625 4.5929999351501464844 4.0260000228881835938 4.1129999160766601562 3.9360001087188720703 3.9340000152587890625
2.3580000400543212891 2.4430000782012939453 3.1500000953674316406 3.7109999656677246094 4.8029999732971191406 7.3940000534057617188 7.5669999122619628906 7.6050000190734863281 7.6440000534057617188 7.6830000877380371094 7.7230000495910644531 7.7659997940063476562 7.8070001602172851562 7.8480000495910644531 7.8909997940063476562 7.9340000152587890625 7.9770002365112304688 8.020999908447265625 8.0600004196166992188 8.1000003814697265625 8.1339998245239257812 8.173000335693359375 8.2119998931884765625 9.5190000534057617188 9.5530004501342773438 9.5880002975463867188 8.3599996566772460938 8.4010000228881835938 8.4429998397827148438 8.4879999160766601562 8.5329999923706054688 8.5799999237060546875 8.6330003738403320312 8.6929998397827148438 8.7460002899169921875 8.7880001068115234375 8.826000213623046875 8.868000030517578125 8.90200042724609375 7.0819997787475585938 4.2729997634887695312 4.3179998397827148438 4.2859997749328613281 4.5019998550415039062
2.3670001029968261719 2.7999999523162841797 2.8020000457763671875 3.0399999618530273438 3.1989998817443847656 3.3650000095367431641 4.1890001296997070312 4.1570000648498535156 5.9699997901916503906 7.1729998588562011719 7.7529997825622558594 7.7899999618530273438 7.8340001106262207031 7.875 7.9180002212524414062 7.9600000381469726562 8.006999969482421875 8.048000335693359375 8.0869998931884765625 8.1230001449584960938 8.1610002517700195312 8.1990003585815429688 8.2340002059936523438 8.2729997634887695312 8.3070001602172851562 8.3430004119873046875 9.6370000839233398438 9.673000335693359375 9.7089996337890625 8.5 8.548000335693359375 8.5970001220703125 8.6569995880126953125 8.715000152587890625 8.7629995346069335938 8.8070001602172851562 8.8459997177124023438 8.8870000839233398438 8.9250001907348632812 8.9630002975463867188 7.9959998130798339844 5.0729999542236328125 4.3020000457763671875 4.4429998397827148438
2.8150000572204589844 2.7260000705718994141 2.8810000419616699219 3.1089999675750732422 3.145999908447265625 3.2170000076293945312 3.1640000343322753906 3.1199998855590820312 3.2469999790191650391 3.6730000972747802734 2.7409999370574951172 4.8480000495910644531 5.8270001411437988281 7.0539999008178710938 7.9470000267028808594 7.9899997711181640625 8.0360002517700195312 8.0740003585815429688 8.1099996566772460938 8.145999908447265625 8.1829996109008789062 8.2209997177124023438 8.2589998245239257812 8.2969999313354492188 8.3350000381469726562 8.3690004348754882812 8.4060001373291015625 8.4429998397827148438 9.7449998855590820312 9.7810001373291015625 9.819000244140625 8.6219997406005859375 8.680999755859375 8.73600006103515625 8.7819995880126953125 8.8240003585815429688 8.8710002899169921875 8.909999847412109375 8.9499998092651367188 8.9890003204345703125 9.0229997634887695312 9.0579996109008789062 6.2540001869201660156 4.0430002212524414062
2.8570001125335693359 2.9049999713897705078 3.0020000934600830078 2.7790000438690185547 2.7030000686645507812 3.020999908447265625 2.7390000820159912109 3.1730000972747802734 3.2300000190734863281 3.6080000400543212891 3.4340000152587890625 2.9170000553131103516 2.9270000457763671875 3.0079998970031738281 3.4309999942779541016 5.8660001754760742188 8.062000274658203125 8.1000003814697265625 8.1350002288818359375 8.1709995269775390625 8.20800018310546875 8.2449998855590820312 8.2799997329711914062 8.3179998397827148438 8.3559999465942382812 8.395000457763671875 8.4340000152587890625 8.4739999771118164062 8.51399993896484375 8.5570001602172851562 9.854999542236328125 9.8920001983642578125 9.930999755859375 8.7550001144409179688 8.8020000457763671875 8.8489999771118164062 8.8909997940063476562 8.9340000152587890625 8.9759998321533203125 9.0129995346069335938 9.05500030517578125 9.0880002975463867188 9.1230001449584960938 8.7049999237060546875
2.7950000762939453125 2.86100006103515625 2.8629999160766601562 2.5120000839233398438 2.7170000076293945312 2.7839999198913574219 2.8919999599456787109 2.9460000991821289062 3.2490000724792480469 3.4960000514984130859 3.0999999046325683594 3.0850000381469726562 3.1960000991821289062 3.0610001087188720703 3.4649999141693115234 3.5959999561309814453 3.7980000972747802734 5.173999786376953125 7.8460001945495605469 8.1960000991821289062 8.2320003509521484375 8.270000457763671875 8.3070001602172851562 8.3420000076293945312 8.3809995651245117188 8.4200000762939453125 8.4569997787475585938 8.4980001449584960938 8.5399999618530273438 8.5810003280639648438 8.631999969482421875 8.6859998703002929688 9.9680004119873046875 10.005999565124511719 10.045999526977539062 8.8690004348754882812 8.9149999618530273438 8.9639997482299804688 9.0039997100830078125 9.0430002212524414062 9.08300018310546875 9.1199998855590820312 9.1560001373291015625 9.187000274658203125
