data/Outputs10m/flood2014/Run_1.asc
ncols        104
nrows        112
xllcorner    470406.491399999999
yllcorner    4439304.785899999551
cellsize     9.997971000000
NODATA_value  nan
[rows 57 to 75 of 112, columns 0 to 42 of 104]
0 0 3.2880001068115234375 1.5889999866485595703 0.54600000381469726562 0.64999997615814208984 0.81699997186660766602 1.1950000524520874023 1.2220000028610229492 1.2910000085830688477 1.2669999599456787109 1.0010000467300415039 0.66900002956390380859 0.55800002813339233398 0.16599999368190765381 0 0.035000000149011611938 0 0 0.090000003576278686523 0.28099998831748962402 0.33399999141693115234 0.27099999785423278809 0.39199998974800109863 0.79199999570846557617 1.0959999561309814453 1.1820000410079956055 1.2419999837875366211 1.2940000295639038086 1.4349999427795410156 1.8079999685287475586 1.875 1.8509999513626098633 2.0130000114440917969 1.8550000190734863281 2.0639998912811279297 1.7009999752044677734 2.1300001144409179688 2.368000030517578125 2.4839999675750732422 2.5120000839233398438 2.5499999523162841797 2.5269999504089355469
0 2.4730000495910644531 1.7330000400543212891 1.1009999513626098633 0.89300000667572021484 0.97600001096725463867 1.0779999494552612305 1.1499999761581420898 1.1959999799728393555 1.2120000123977661133 0.60199999809265136719 0.36300000548362731934 0.41600000858306884766 0.23999999463558197021 0.03599999845027923584 0 0.2020000070333480835 0.21199999749660491943 0.046999998390674591064 0.18299999833106994629 0.28900000452995300293 0.30700001120567321777 0.13099999725818634033 0.39399999380111694336 0.57400000095367431641 0.52300000190734863281 1.1909999847412109375 1.3580000400543212891 1.3229999542236328125 1.2699999809265136719 1.4290000200271606445 1.7389999628067016602 1.9589999914169311523 1.9329999685287475586 1.9029999971389770508 2.0239999294281005859 1.7999999523162841797 1.2970000505447387695 1.6529999971389770508 1.7020000219345092773 2.3310000896453857422 2.3989999294281005859 2.5739998817443847656
1.3990000486373901367 2.9430000782012939453 1.3099999427795410156 0.95300000905990600586 0.94400000572204589844 0.96899998188018798828 1.011999964714050293 1.0559999942779541016 1.0369999408721923828 0.87999999523162841797 0.35499998927116394043 0 0.16400000452995300293 0.19499999284744262695 0.057000000029802322388 0.10800000280141830444 0.23800000548362731934 0.37400001287460327148 0.23000000417232513428 0.18600000441074371338 0.30300000309944152832 0.18700000643730163574 0.048999998718500137329 0.21799999475479125977 0.86699998378753662109 0.77399998903274536133 0.97200000286102294922 1.0210000276565551758 1.3519999980926513672 1.3430000543594360352 1.4479999542236328125 1.5909999608993530273 1.6410000324249267578 1.876999974250793457 1.8960000276565551758 1.9550000429153442383 1.3509999513626098633 1.1729999780654907227 1.1510000228881835938 1.3739999532699584961 1.8040000200271606445 1.7100000381469726562 2.5680000782012939453
2.6679999828338623047 1.2779999971389770508 1.1859999895095825195 1.4450000524520874023 0.97500002384185791016 0.92400002479553222656 0.90700000524520874023 0.83999997377395629883 0.79799997806549072266 0.56099998950958251953 0.064999997615814208984 0 0 0 0 0 0.1180000007152557373 0.2720000147819519043 0.34799998998641967773 0.28400000929832458496 0.23999999463558197021 0.041999999433755874634 0 0.21999999880790710449 0.97399997711181640625 1.1310000419616699219 0.94999998807907104492 0.95599997043609619141 1.2000000476837158203 1.2999999523162841797 1.4240000247955322266 1.6380000114440917969 1.6729999780654907227 1.7200000286102294922 1.7819999456405639648 1.8289999961853027344 1.7790000438690185547 1.5149999856948852539 1.3500000238418579102 1.0789999961853027344 1.4479999542236328125 1.4210000038146972656 2.5099999904632568359
2.0030000209808349609 1.2990000247955322266 1.3079999685287475586 1.1829999685287475586 1.0399999618530273438 0.92500001192092895508 0.81900000572204589844 0.76099997758865356445 0.59399998188018798828 0.25400000810623168945 0 0 0 0 0 0 0 0 0 0.098999999463558197021 0.039999999105930328369 0.061999998986721038818 0.054000001400709152222 0.039000000804662704468 1.1790000200271606445 0.99000000953674316406 0.66000002622604370117 0.40000000596046447754 0.52300000190734863281 1.0420000553131103516 1.3580000400543212891 1.5269999504089355469 1.5520000457763671875 1.7029999494552612305 1.6640000343322753906 1.8999999761581420898 1.9440000057220458984 1.8270000219345092773 1.6610000133514404297 1.5269999504089355469 3.13899993896484375 1.625 2.4030001163482666016
1.0789999961853027344 1.2009999752044677734 1.241000056266784668 1.0369999408721923828 0.90700000524520874023 0.80099999904632568359 0.71899998188018798828 0.72600001096725463867 0.45699998736381530762 0 0 0 0 0 0 0 0 0 0 0 0.057999998331069946289 0 0 0 0 0 0.28900000452995300293 0.070000000298023223877 0.11699999868869781494 0.34000000357627868652 1.0219999551773071289 1.0989999771118164062 1.6000000238418579102 1.7949999570846557617 1.7929999828338623047 1.8430000543594360352 2.1240000724792480469 2.0439999103546142578 2.0150001049041748047 1.7769999504089355469 1.7730000019073486328 2.1819999217987060547 2.6489999294281005859
1.3890000581741333008 1.2250000238418579102 1.3170000314712524414 1.1380000114440917969 0.89499998092651367188 0.77499997615814208984 0.67799997329711914062 0.50499999523162841797 0.10599999874830245972 0 0 0 0 0 0 0 0 0 0 0 0 0 0 0 0 0 0 0.01799999922513961792 0.1729999929666519165 0.34400001168251037598 0.67299997806549072266 0.66799998283386230469 1.2050000429153442383 1.8240000009536743164 2.01399993896484375 1.9709999561309814453 2.270999908447265625 2.2960000038146972656 2.2950000762939453125 1.9500000476837158203 2.4489998817443847656 2.7479999065399169922 3.0840001106262207031
1.4789999723434448242 1.2849999666213989258 1.1909999847412109375 1.1590000391006469727 1.008999943733215332 0.82800000905990600586 0.6840000152587890625 0.35899999737739562988 0 0 0 0 0 0 0 0 0 0 0 0 0 0 0 0 0 0 0 0.0049999998882412910461 0.20100000500679016113 0.30500000715255737305 0.4339999854564666748 0.54500001668930053711 0.69800001382827758789 1.4049999713897705078 1.7769999504089355469 1.5509999990463256836 1.9019999504089355469 2.6029999256134033203 2.3429999351501464844 2.1340000629425048828 3.1210000514984130859 3.1419999599456787109 3.3650000095367431641
1.2879999876022338867 1.3810000419616699219 1.1260000467300415039 1.0279999971389770508 0.92100000381469726562 0.75400000810623168945 0.56300002336502075195 0.15099999308586120605 0 0 0 0 0 0 0 0 0 0 0 0 0 0 0 0 0 0 0 0 0 0.16799999773502349854 0.375 0.53600001335144042969 0.60900002717971801758 1.123000025749206543 0.91799998283386230469 1.4650000333786010742 2.2030000686645507812 2.2269999980926513672 2.0729999542236328125 1.4859999418258666992 1.5980000495910644531 1.9579999446868896484 3.3840000629425048828
0 0.73600000143051147461 0.87699997425079345703 0.38899999856948852539 0.76499998569488525391 0.70499998331069946289 0.53100001811981201172 0.38100001215934753418 0 0 0 0 0 0 0 0 0 0 0.03599999845027923584 0.0070000002160668373108 0.013000000268220901489 0 0 0 0 0 0 0 0 0 0.18000000715255737305 0.46500000357627868652 0.64600002765655517578 0.66799998283386230469 0.78100001811981201172 0.76700001955032348633 1.0579999685287475586 1.0180000066757202148 1.4179999828338623047 0.56900000572204589844 0.99500000476837158203 1.2660000324249267578 2.3090000152587890625
0 0.41600000858306884766 0.52300000190734863281 0 0 0.052000001072883605957 0.19799999892711639404 0.19599999487400054932 0.25999999046325683594 0.059000000357627868652 0 0 0 0 0 0 0 0 0.054000001400709152222 0.061999998986721038818 0.093000002205371856689 0.11100000143051147461 0.076999999582767486572 0 0 0 0 0 0 0 0 0.36199998855590820312 0.58399999141693115234 0.56499999761581420898 0.74699997901916503906 0.74699997901916503906 0.74500000476837158203 0.59500002861022949219 0.70200002193450927734 0.63300001621246337891 0.72699999809265136719 0.87900000810623168945 1.0379999876022338867
0 0.35199999809265136719 0.2060000002384185791 0 0 0 0 0 0.010999999940395355225 0.15899999439716339111 0.063000001013278961182 0.01799999922513961792 0 0 0 0 0 0 0.10499999672174453735 0 0 0.012000000104308128357 0.18899999558925628662 0.25600001215934753418 0.29100000858306884766 0.048000000417232513428 0.12399999797344207764 0 0 0 0 0.17200000584125518799 0.56699997186660766602 0.36399999260902404785 0.57400000095367431641 0.64899998903274536133 0.51899999380111694336 0.73699998855590820312 0.84399998188018798828 0.92799997329711914062 0.71700000762939453125 0.88499999046325683594 0.84500002861022949219
0 0.17900000512599945068 0.12099999934434890747 0 0 0 0 0 0 0.032000001519918441772 0.046999998390674591064 0.063000001013278961182 0.22300000488758087158 0.43700000643730163574 0.093999996781349182129 0.043000001460313796997 0.052999999374151229858 0.16400000452995300293 0.11400000005960464478 0 0 0.039000000804662704468 0.082000002264976501465 0.23700000345706939697 0.30599999427795410156 0.37900000810623168945 0.43599998950958251953 0.34400001168251037598 0.046000000089406967163 0.1230000033974647522 0 0.3680000007152557373 0.64499998092651367188 0.30300000309944152832 0.39300000667572021484 0.39199998974800109863 0.59899997711181640625 0.44800001382827758789 0.75 0.90799999237060546875 0.99000000953674316406 1.1059999465942382812 1.1189999580383300781
0 0 0 0 0 0 0 0 0 0 0 0 0 0.083999998867511749268 0.18600000441074371338 0.30000001192092895508 0.17900000512599945068 0.39899998903274536133 0.076999999582767486572 0 0 0.054000001400709152222 0 0 0 0.28299999237060546875 0.35600000619888305664 0.58600002527236938477 0.51399999856948852539 0.33599999547004699707 0.40799999237060546875 0.69999998807907104492 0.42800000309944152832 0.28799998760223388672 0.45100000500679016113 0.54100000858306884766 0.38800001144409179688 0.17599999904632568359 0.52700001001358032227 0.62400001287460327148 0.8970000147819519043 1.0690000057220458984 1.2400000095367431641
0 0 0 0 0 0 0 0 0 0 0 0 0 0 0 0.19799999892711639404 0.33199998736381530762 0.37900000810623168945 0.11900000274181365967 0 0 0.082000002264976501465 0 0 0 0 0 0.082999996840953826904 0.3970000147819519043 0.57200002670288085938 0.56499999761581420898 0.74099999666213989258 0.45300000905990600586 0.40400001406669616699 0.5590000152587890625 0.40700000524520874023 0.30300000309944152832 0.16099999845027923584 0.16699999570846557617 0.32800000905990600586 0.44499999284744262695 0.64800000190734863281 1.1510000228881835938
0 0 0 0 0 0 0 0 0 0 0 0 0 0 0 0 0.068999998271465301514 0.19599999487400054932 0.13899999856948852539 0.15099999308586120605 0.13899999856948852539 0.068999998271465301514 0 0 0 0 0 0.00899999961256980896 0.013000000268220901489 0.24199999868869781494 0.54600000381469726562 0.51300001144409179688 0.56400001049041748047 0.63200002908706665039 0.65899997949600219727 0.58700001239776611328 0.48199999332427978516 0.48300001025199890137 0.057999998331069946289 0.032000001519918441772 0.27399998903274536133 0.62999999523162841797 0.82999998331069946289
0 0 0 0 0 0 0 0 0 0 0 0 0 0 0 0 0.12099999934434890747 0 0 0 0 0 0 0 0 0 0 0 0.01799999922513961792 0.31700000166893005371 0.41299998760223388672 0.27099999785423278809 0.33300000429153442383 0.55000001192092895508 0.71100002527236938477 0.70899999141693115234 0.72500002384185791016 0.41499999165534973145 0.4930000007152557373 0.34999999403953552246 0.53399997949600219727 0.84799998998641967773 0.88999998569488525391
0 0 0 0 0 0 0 0 0 0 0 0 0 0 0 0 0 0 0 0 0 0 0 0 0 0 0 0 0 0.22100000083446502686 0.19200000166893005371 0.13300000131130218506 0.22599999606609344482 0.39100000262260437012 0.13099999725818634033 0.67400002479553222656 0.81400001049041748047 0.77100002765655517578 0.89600002765655517578 0.80299997329711914062 0.88099998235702514648 1.004999995231628418 0.77300000190734863281
0 0 0 0 0 0 0 0 0 0 0 0 0 0 0 0 0 0 0 0 0 0 0 0 0 0 0 0 0 0.15099999308586120605 0 0 0.13699999451637268066 0.22900000214576721191 0.20999999344348907471 0.23899999260902404785 0.30199998617172241211 0.42100000381469726562 0.97000002861022949219 0.92799997329711914062 1.1280000209808349609 1.1390000581741333008 1.1009999513626098633
