data/Outputs10m/flood2014/Run_1.asc
ncols        104
nrows        112
xllcorner    470406.491399999999
yllcorner    4439304.785899999551
cellsize     9.997971000000
NODATA_value  nan
[rows 76 to 94 of 112, columns 43 to 85 of 104]
1.2200000286102294922 1.3389999866485595703 0.98600000143051147461 1.1640000343322753906 1.376999974250793457 1.5260000228881835938 0.99500000476837158203 0.85199999809265136719 1.0449999570846557617 1.5590000152587890625 1.9349999427795410156 2.256999969482421875 2.4920001029968261719 2.756999969482421875 2.6240000724792480469 2.8570001125335693359 2.7100000381469726562 2.6789999008178710938 2.7339999675750732422 2.9389998912811279297 5.3460001945495605469 2.0050001144409179688 1.870000004768371582 2.0350000858306884766 1.7070000171661376953 1.5659999847412109375 1.5900000333786010742 2.25 1.8949999809265136719 1.4869999885559082031 1.3439999818801879883 1.4800000190734863281 1.370000004768371582 1.616000056266784668 1.6590000391006469727 1.6770000457763671875 1.6759999990463256836 2.4319999217987060547 3.3650000095367431641 3.3440001010894775391 3.3329999446868896484 3.6670000553131103516 3.7239999771118164062
1.2150000333786010742 1.3849999904632568359 1.2779999971389770508 1.2120000123977661133 1.2100000381469726562 1.3830000162124633789 1.2250000238418579102 1.0260000228881835938 0.97200000286102294922 1.2899999618530273438 1.6080000400543212891 1.9750000238418579102 2.1059999465942382812 2.3640000820159912109 2.5629999637603759766 2.9019999504089355469 3.0320000648498535156 3.0739998817443847656 3.2049999237060546875 2.8120000362396240234 3.7799999713897705078 1.5410000085830688477 1.866000056266784668 1.8999999761581420898 1.6280000209808349609 1.4889999628067016602 1.6080000400543212891 1.008999943733215332 0.86400002241134643555 0.73199999332427978516 1.373000025749206543 1.4570000171661376953 1.6260000467300415039 1.6449999809265136719 1.6970000267028808594 1.6890000104904174805 1.7230000495910644531 1.7309999465942382812 2.2790000438690185547 1.8420000076293945312 3.1349999904632568359 3.36100006103515625 3.5169999599456787109
0.7210000157356262207 0.87999999523162841797 1.001999974250793457 1.0970000028610229492 1.0590000152587890625 1.0759999752044677734 0.96899998188018798828 0.82200002670288085938 0.69999998807907104492 0.95899999141693115234 1.3070000410079956055 1.6100000143051147461 1.6970000267028808594 1.8519999980926513672 2.1480000019073486328 2.5050001144409179688 2.625 3.0439999103546142578 3.2300000190734863281 3.2630000114440917969 3.1359999179840087891 3.0980000495910644531 2.0850000381469726562 1.7580000162124633789 1.4550000429153442383 1.2649999856948852539 1.256999969482421875 1.1050000190734863281 0.86900001764297485352 0.5370000004768371582 0 1.5640000104904174805 1.5210000276565551758 1.6599999666213989258 1.7020000219345092773 1.7059999704360961914 1.7180000543594360352 1.7790000438690185547 1.8320000171661376953 1.8739999532699584961 1.7690000534057617188 2.2620000839233398438 3.020999908447265625
0.48899999260902404785 0.5879999995231628418 0.73000001907348632812 0.7129999995231628418 0.83600002527236938477 0.92400002479553222656 0.91100001335144042969 0.8460000157356262207 0.57099997997283935547 0.65899997949600219727 1.0709999799728393555 1.2539999485015869141 1.3439999818801879883 1.4639999866485595703 1.8289999961853027344 2.1889998912811279297 2.1589999198913574219 2.3099999427795410156 2.9279999732971191406 2.0260000228881835938 3.0290000438690185547 3.0599999427795410156 2.8880000114440917969 2.8589999675750732422 1.7300000190734863281 1.0690000057220458984 0.65100002288818359375 0.73500001430511474609 0.63700002431869506836 0.037999998778104782104 0 0.71600002050399780273 1.6330000162124633789 1.4349999427795410156 1.4759999513626098633 1.7339999675750732422 1.7630000114440917969 1.8170000314712524414 1.9279999732971191406 1.7580000162124633789 1.7740000486373901367 2.1199998855590820312 2.4419999122619628906
0.29199999570846557617 0.34499999880790710449 0.40599998831748962402 0.47099998593330383301 0.52499997615814208984 0.62800002098083496094 0.68800002336502075195 1.0740000009536743164 0.46599999070167541504 0.54699999094009399414 0.73900002241134643555 0.8090000152587890625 0.89800000190734863281 1.0540000200271606445 1.5290000438690185547 1.6649999618530273438 1.5499999523162841797 1.6390000581741333008 1.4279999732971191406 1.613000035285949707 1.7259999513626098633 1.7760000228881835938 2.7339999675750732422 2.7049999237060546875 2.5659999847412109375 2.4570000171661376953 2.1809999942779541016 0.19499999284744262695 0.085000000894069671631 0 0 0 1.5490000247955322266 1.4450000524520874023 1.4730000495910644531 1.3830000162124633789 1.4379999637603759766 1.5620000362396240234 1.6289999485015869141 1.7940000295639038086 1.7489999532699584961 1.9689999818801879883 2.3169999122619628906
0.27000001072883605957 0.28999999165534973145 0.2720000147819519043 0.23199999332427978516 0.28200000524520874023 0.37400001287460327148 0.45699998736381530762 0.58899998664855957031 0.51599997282028198242 0.4629999995231628418 0.49200001358985900879 0.59100002050399780273 0.75300002098083496094 0.96100002527236938477 1.1360000371932983398 0.97899997234344482422 0.88499999046325683594 1.0889999866485595703 1.3619999885559082031 1.4040000438690185547 1.4800000190734863281 1.5329999923706054688 1.5529999732971191406 1.4600000381469726562 1.6569999456405639648 2.3380000591278076172 2.2070000171661376953 2.1380000114440917969 1.8980000019073486328 0.0010000000474974513054 0 0.0080000003799796104431 1.3389999866485595703 1.3099999427795410156 1.2999999523162841797 1.3329999446868896484 1.4539999961853027344 1.4739999771118164062 1.5620000362396240234 1.9340000152587890625 1.745000004768371582 1.9060000181198120117 2.1740000247955322266
0.025000000372529029846 0.07100000232458114624 0.092000000178813934326 0.07500000298023223877 0.030999999493360519409 0.16099999845027923584 0.26399999856948852539 0.37799999117851257324 0.6029999852180480957 0.61799997091293334961 0.36000001430511474609 0.58999997377395629883 0.49500000476837158203 0.7720000147819519043 0.93999999761581420898 0.88700002431869506836 0.70300000905990600586 1.0750000476837158203 1.1799999475479125977 1.1510000228881835938 1.1849999427795410156 1.0829999446868896484 1.1390000581741333008 1.3090000152587890625 1.3270000219345092773 1.2070000171661376953 1.2009999752044677734 1.8400000333786010742 1.9069999456405639648 1.8609999418258666992 1.7439999580383300781 1.3940000534057617188 1.3250000476837158203 1.3519999980926513672 1.376999974250793457 1.4129999876022338867 1.4650000333786010742 1.4220000505447387695 1.3949999809265136719 1.8420000076293945312 1.9290000200271606445 1.9769999980926513672 2.0120000839233398438
0 0 0.014999999664723873138 0.19699999690055847168 0.15700000524520874023 0.18400000035762786865 0.15600000321865081787 0.33899998664855957031 0.28299999237060546875 0.26399999856948852539 0.29100000858306884766 0.34999999403953552246 0.4120000004768371582 0.33599999547004699707 0.59799998998641967773 0.65700000524520874023 0.7279999852180480957 0.78600001335144042969 0.85000002384185791016 0.89399999380111694336 0.92799997329711914062 0.80500000715255737305 1.0850000381469726562 1.0060000419616699219 1.1729999780654907227 1.1009999513626098633 1.2339999675750732422 1.2560000419616699219 1.1859999895095825195 1.6759999990463256836 1.7710000276565551758 1.7350000143051147461 1.6959999799728393555 1.5959999561309814453 1.4049999713897705078 1.2970000505447387695 1.4240000247955322266 1.4739999771118164062 1.5750000476837158203 1.5770000219345092773 1.7029999494552612305 1.8710000514984130859 2.0610001087188720703
0 0 0.0049999998882412910461 0.10499999672174453735 0.27599999308586120605 0.15099999308586120605 0.17200000584125518799 0.3310000002384185791 0.16599999368190765381 0.40500000119209289551 0.33399999141693115234 0.51700001955032348633 0.46000000834465026855 0.53899997472763061523 0.5590000152587890625 0.70599997043609619141 0.68599998950958251953 0.63499999046325683594 0.62900000810623168945 0.60199999809265136719 0.60399997234344482422 0.67900002002716064453 0.72899997234344482422 0.75099998712539672852 0.96799999475479125977 0.87699997425079345703 1.1139999628067016602 1.1799999475479125977 1.1859999895095825195 1.4589999914169311523 1.4509999752044677734 1.5199999809265136719 1.629999995231628418 1.4830000400543212891 1.4340000152587890625 1.3589999675750732422 1.2899999618530273438 1.2259999513626098633 1.363000035285949707 1.4579999446868896484 1.6260000467300415039 1.7929999828338623047 1.9110000133514404297
0 0 0 0 0 0.18799999356269836426 0.27799999713897705078 0.30599999427795410156 0.20800000429153442383 0.17100000381469726562 0.37999999523162841797 0.3310000002384185791 0.30300000309944152832 0.35400000214576721191 0.4410000145435333252 0.55400002002716064453 0.63599997758865356445 0.71899998188018798828 0.76200002431869506836 0.63599997758865356445 0.53299999237060546875 0.72899997234344482422 0.85600000619888305664 1.0549999475479125977 0.95099997520446777344 0.89200001955032348633 0.84500002861022949219 0.82800000905990600586 0.83999997377395629883 0.9039999842643737793 1.0230000019073486328 1.1610000133514404297 1.2710000276565551758 1.2799999713897705078 1.4550000429153442383 1.4099999666213989258 1.3129999637603759766 1.4859999418258666992 1.4490000009536743164 1.3650000095367431641 1.4670000076293945312 1.6139999628067016602 1.8009999990463256836
0 0 0 0 0 0 0.23600000143051147461 0.26800000667572021484 0.14800000190734863281 0.17100000381469726562 0.21400000154972076416 0.21600000560283660889 0.21600000560283660889 0.24099999666213989258 0.29499998688697814941 0.39500001072883605957 0.45800000429153442383 0.52700001001358032227 0.59500002861022949219 0.53200000524520874023 0 0 0 0.41400000452995300293 0.69199997186660766602 0.97899997234344482422 1.0360000133514404297 1.1059999465942382812 1.0709999799728393555 1.0640000104904174805 1.1430000066757202148 1.1690000295639038086 1.2029999494552612305 1.2120000123977661133 1.2079999446868896484 1.2469999790191650391 1.2300000190734863281 1.3009999990463256836 1.3519999980926513672 1.3380000591278076172 1.3509999513626098633 1.5499999523162841797 1.6629999876022338867
0 0 0 0 0 0 0 0.039999999105930328369 0.13600000739097595215 0.12600000202655792236 0.125 0.12800000607967376709 0.13899999856948852539 0.14800000190734863281 0.1689999997615814209 0.24799999594688415527 0.26600000262260437012 0.35600000619888305664 0.45100000500679016113 0.35400000214576721191 0.51700001955032348633 0.58700001239776611328 0.62300002574920654297 0.81699997186660766602 0.98199999332427978516 0.7279999852180480957 1.0149999856948852539 0.82300001382827758789 0.048999998718500137329 0.60399997234344482422 0 0.23999999463558197021 0 0 0 0 0.018999999389052391052 0.78899997472763061523 0.93000000715255737305 1.1940000057220458984 1.1779999732971191406 1.4099999666213989258 1.6540000438690185547
0 0 0 0 0 0 0 0 0 0.052999999374151229858 0 0.043999999761581420898 0.039999999105930328369 0.041000001132488250732 0.035000000149011611938 0.093999996781349182129 0.050999999046325683594 0.19499999284744262695 0.2569999992847442627 0.25099998712539672852 0.57800000905990600586 0.32499998807907104492 0 0 0 0 0 0 0 0 0 0 0 0 0 0.056000001728534698486 0.30500000715255737305 0.31299999356269836426 0.96899998188018798828 0.86500000953674316406 0.94199997186660766602 0.97299998998641967773 0.74099999666213989258
0 0 0 0 0 0 0 0 0 0 0 0 0 0 0 0 0.072999998927116394043 0 0 0 0 0 0 0 0 0 0 0 0 0 0 0 0 0 0 0.17900000512599945068 0.51499998569488525391 0.6539999842643737793 0.61699998378753662109 0.58899998664855957031 0.67900002002716064453 0 0.19499999284744262695
0 0 0 0 0 0 0 0 0 0 0 0 0 0 0 0 0 0 0 0 0 0 0 0 0 0 0 0 0 0 0 0 0 0 0.090999998152256011963 0.22499999403953552246 0.26899999380111694336 0.24600000679492950439 0.26699998974800109863 0 0 0 0
0 0 0 0 0 0 0 0 0 0 0 0 0 0 0 0 0 0 0 0 0 0 0 0 0 0 0 0 0 0 0 0 0 0 0 0 0 0 0 0 0 0 0
0 0 0 0 0 0 0 0 0 0 0 0 0 0 0 0 0 0 0 0 0 0 0 0 0 0 0 0 0 0 0 0 0 0 0 0 0 0 0 0 0 0 0
0 0 0 0 0 0 0 0 0 0 0 0 0 0 0 0 0 0 0 0 0 0 0 0 0 0 0 0 0 0 0 0 0 0 0 0 0 0 0 0 0 0 0
0 0 0 0 0 0 0 0 0 0 0 0 0 0 0 0 0 0 0 0 0 0 0 0 0 0 0 0 0 0 0 0 0 0 0 0 0 0 0 0 0 0 0
