data/Outputs10m/flood2014/Run_1.asc
ncols        104
nrows        112
xllcorner    470406.491399999999
yllcorner    4439304.785899999551
cellsize     9.997971000000
NODATA_value  nan
[rows 38 to 56 of 112, columns 0 to 42 of 104]
3.3320000171661376953 4.4000000953674316406 5.7859997749328613281 5.8029999732971191406 5.8210000991821289062 5.8420000076293945312 5.5190000534057617188 5.7800002098083496094 5.6209998130798339844 5.1799998283386230469 5.5479998588562011719 5.5409998893737792969 6.0199999809265136719 6.0479998588562011719 6.0799999237060546875 6.1100001335144042969 6.145999908447265625 6.1799998283386230469 6.2109999656677246094 6.2439999580383300781 6.2789998054504394531 6.3140001296997070312 6.3530001640319824219 6.3870000839233398438 8.1009998321533203125 8.1239995956420898438 8.145999908447265625 8.1689996719360351562 8.1920003890991210938 6.1350002288818359375 6.2659997940063476562 6.0850000381469726562 6.5269999504089355469 6.7760000228881835938 6.8159999847412109375 6.8550000190734863281 6.8920001983642578125 6.9330000877380371094 6.9699997901916503906 7.0110001564025878906 7.048999786376953125 7.0910000801086425781 7.1329998970031738281
3.354000091552734375 4.3429999351501464844 5.8090000152587890625 5.8249998092651367188 5.8429999351501464844 5.8660001754760742188 5.8870000839233398438 5.5679998397827148438 5.9359998703002929688 5.9609999656677246094 5.98600006103515625 6.0130000114440917969 6.0399999618530273438 6.0679998397827148438 6.0999999046325683594 6.1290001869201660156 6.1659998893737792969 6.1960000991821289062 6.2300000190734863281 6.2649998664855957031 6.3000001907348632812 6.3350000381469726562 6.3740000724792480469 6.4089999198913574219 6.4400000572204589844 6.4759998321533203125 6.5130000114440917969 6.548999786376953125 6.5840001106262207031 8.2239999771118164062 8.2469997406005859375 8.270999908447265625 8.2950000762939453125 6.4109997749328613281 6.8140001296997070312 6.8489999771118164062 6.8839998245239257812 6.9270000457763671875 6.9679999351501464844 7.0060000419616699219 7.0460000038146972656 7.0890002250671386719 7.1279997825622558594
3.375 4.2630000114440917969 5.8289999961853027344 5.8460001945495605469 5.8670001029968261719 5.8860001564025878906 5.909999847412109375 5.784999847412109375 5.9569997787475585938 5.9780001640319824219 6.0029997825622558594 4.9780001640319824219 5.2940001487731933594 6.0869998931884765625 6.1160001754760742188 6.1510000228881835938 6.1810002326965332031 6.215000152587890625 6.2490000724792480469 6.2810001373291015625 6.3200001716613769531 6.3559999465942382812 6.3949999809265136719 6.4310002326965332031 6.4670000076293945312 6.5 6.5370001792907714844 6.5729999542236328125 6.6090002059936523438 6.6430001258850097656 6.6799998283386230469 6.7140002250671386719 8.3179998397827148438 8.3420000076293945312 8.3660001754760742188 8.3909997940063476562 8.4160003662109375 6.9219999313354492188 6.9640002250671386719 7.0019998550415039062 7.04199981689453125 7.08300018310546875 7.1269998550415039062
3.3910000324249267578 4.3649997711181640625 5.8489999771118164062 5.868000030517578125 5.8860001564025878906 5.9070000648498535156 5.9250001907348632812 5.9489998817443847656 5.9739999771118164062 5.9980001449584960938 6.0229997634887695312 6.0479998588562011719 5.6939997673034667969 5.5630002021789550781 6.04199981689453125 6.1659998893737792969 6.1989998817443847656 6.2300000190734863281 6.2649998664855957031 6.3000001907348632812 6.3359999656677246094 6.3759999275207519531 6.4159998893737792969 6.4530000686645507812 6.4869999885559082031 6.5240001678466796875 6.5619997978210449219 6.5989999771118164062 6.6350002288818359375 6.6719999313354492188 6.7090001106262207031 6.743000030517578125 6.7740001678466796875 6.8060002326965332031 6.8379998207092285156 6.8699998855590820312 8.4399995803833007812 8.465000152587890625 8.4899997711181640625 8.5150003433227539062 8.5410003662109375 7.0819997787475585938 7.125
3.4089999198913574219 4.2880001068115234375 5.8670001029968261719 5.8860001564025878906 5.9000000953674316406 5.9219999313354492188 5.9409999847412109375 5.9679999351501464844 5.9899997711181640625 6.0170001983642578125 6.0380001068115234375 6.0659999847412109375 6.0920000076293945312 6.1199998855590820312 6.1510000228881835938 6.1830000877380371094 6.2170000076293945312 6.2480001449584960938 6.2829999923706054688 6.3189997673034667969 6.3590002059936523438 6.3930001258850097656 6.4340000152587890625 6.4720001220703125 6.5100002288818359375 6.5479998588562011719 6.5859999656677246094 6.625 6.6620001792907714844 6.6999998092651367188 6.7379999160766601562 6.7719998359680175781 6.8039999008178710938 6.8359999656677246094 6.8649997711181640625 6.8969998359680175781 6.9289999008178710938 6.9590001106262207031 6.9920001029968261719 7.0250000953674316406 8.5659999847412109375 8.5920000076293945312 8.618000030517578125
3.4289999008178710938 4.2170000076293945312 5.8829998970031738281 5.8990001678466796875 5.9190001487731933594 5.9380002021789550781 5.9600000381469726562 5.9840002059936523438 6.0050001144409179688 6.0310001373291015625 6.0549998283386230469 6.0799999237060546875 6.1059999465942382812 6.1360001564025878906 6.16699981689453125 6.1999998092651367188 6.2300000190734863281 6.2670001983642578125 6.3000001907348632812 6.3369998931884765625 6.3740000724792480469 6.4120001792907714844 6.4539999961853027344 6.493000030517578125 6.5329999923706054688 6.5689997673034667969 6.6119999885559082031 6.6510000228881835938 6.6859998703002929688 6.7280001640319824219 6.7630000114440917969 6.7979998588562011719 6.8309998512268066406 6.8629999160766601562 6.8949999809265136719 6.9270000457763671875 6.9590001106262207031 6.9889998435974121094 7.0219998359680175781 7.0520000457763671875 7.0850000381469726562 7.118000030517578125 7.1519999504089355469
3.4449999332427978516 4.3179998397827148438 5.8990001678466796875 5.9180002212524414062 5.9349999427795410156 5.9530000686645507812 5.9749999046325683594 5.9980001449584960938 6.0219998359680175781 6.0450000762939453125 6.0679998397827148438 6.0929999351501464844 6.1209998130798339844 6.1479997634887695312 6.1789999008178710938 6.2119998931884765625 6.2449998855590820312 6.2800002098083496094 6.3130002021789550781 6.3530001640319824219 6.3920001983642578125 6.4310002326965332031 6.4739999771118164062 6.5149998664855957031 6.5560002326965332031 6.5929999351501464844 6.6339998245239257812 6.6770000457763671875 6.7140002250671386719 6.7529997825622558594 6.79199981689453125 6.8249998092651367188 6.8600001335144042969 6.8930001258850097656 6.9219999313354492188 6.9539999961853027344 6.9869999885559082031 7.0190000534057617188 7.0520000457763671875 7.0819997787475585938 7.1149997711181640625 7.1479997634887695312 7.1820001602172851562
3.4590001106262207031 4.2220001220703125 5.9130001068115234375 5.9320001602172851562 5.9489998817443847656 5.9660000801086425781 5.9879999160766601562 6.0110001564025878906 6.034999847412109375 6.0599999427795410156 6.08300018310546875 6.1069998741149902344 6.1360001564025878906 6.1620001792907714844 6.1929998397827148438 6.2249999046325683594 6.2589998245239257812 6.2940001487731933594 6.3280000686645507812 6.3660001754760742188 6.4089999198913574219 6.4489998817443847656 6.4939999580383300781 6.5359997749328613281 6.5789999961853027344 6.6209998130798339844 6.6589999198913574219 6.7039999961853027344 6.7439999580383300781 6.7810001373291015625 6.8210000991821289062 6.854000091552734375 6.8870000839233398438 6.9190001487731933594 6.9520001411437988281 6.9840002059936523438 7.0170001983642578125 7.0460000038146972656 7.0789999961853027344 7.1119999885559082031 7.1420001983642578125 7.1750001907348632812 7.2090001106262207031
3.4730000495910644531 4.131999969482421875 5.9270000457763671875 5.9450001716613769531 5.9619998931884765625 5.979000091552734375 6.0009999275207519531 6.0229997634887695312 6.0469999313354492188 6.0710000991821289062 6.0939998626708984375 6.1209998130798339844 6.1449999809265136719 6.1750001907348632812 6.2049999237060546875 6.2379999160766601562 6.2690000534057617188 6.3039999008178710938 6.3420000076293945312 6.3810000419616699219 6.423999786376953125 6.4640002250671386719 6.5130000114440917969 6.5539999008178710938 6.6020002365112304688 6.6420001983642578125 6.6820001602172851562 6.7280001640319824219 6.7699999809265136719 6.8109998703002929688 6.8499999046325683594 6.8839998245239257812 6.9140000343322753906 6.9489998817443847656 6.979000091552734375 7.0110001564025878906 7.0430002212524414062 7.076000213623046875 7.1050000190734863281 7.1409997940063476562 7.1710000038146972656 7.2049999237060546875 7.2379999160766601562
3.4849998950958251953 4.2300000190734863281 5.9390001296997070312 5.9569997787475585938 5.9770002365112304688 5.9910001754760742188 6.0149998664855957031 6.0339999198913574219 6.0580000877380371094 6.0819997787475585938 6.104000091552734375 6.1300001144409179688 6.1570000648498535156 6.1830000877380371094 6.2129998207092285156 6.2480001449584960938 6.2789998054504394531 6.3189997673034667969 6.3530001640319824219 6.3930001258850097656 6.4349999427795410156 6.4829998016357421875 6.5289998054504394531 6.576000213623046875 6.6220002174377441406 6.66699981689453125 6.7119998931884765625 6.7560000419616699219 6.798999786376953125 6.8369998931884765625 6.8810000419616699219 6.9109997749328613281 6.9439997673034667969 6.9759998321533203125 7.0089998245239257812 7.0409998893737792969 7.0729999542236328125 7.1050000190734863281 7.1350002288818359375 7.1680002212524414062 7.201000213623046875 7.2309999465942382812 7.2649998664855957031
4.3340001106262207031 4.0640001296997070312 5.9470000267028808594 5.965000152587890625 5.9850001335144042969 6.0050001144409179688 6.0260000228881835938 6.0450000762939453125 6.0700001716613769531 6.0910000801086425781 6.1149997711181640625 6.1409997940063476562 6.1640000343322753906 6.1919999122619628906 6.2249999046325683594 6.2540001869201660156 6.2880001068115234375 6.3249998092651367188 6.3600001335144042969 6.4010000228881835938 6.4470000267028808594 6.4939999580383300781 6.5469999313354492188 6.5980000495910644531 6.645999908447265625 6.6929998397827148438 6.7399997711181640625 6.7829999923706054688 6.8299999237060546875 6.868000030517578125 6.9079999923706054688 6.9419999122619628906 6.9739999771118164062 7.0029997825622558594 7.034999847412109375 7.0679998397827148438 7.1030001640319824219 7.131999969482421875 7.1640000343322753906 7.1939997673034667969 7.2270002365112304688 7.2600002288818359375 7.2930002212524414062
1.1799999475479125977 1.8519999980926513672 3.3289999961853027344 3.4389998912811279297 4.1230001449584960938 4.8810000419616699219 4.4809999465942382812 4.8709998130798339844 5.20800018310546875 3.7279999256134033203 3.9189999103546142578 4.5840001106262207031 4.6579999923706054688 5.0019998550415039062 6.25 6.2610001564025878906 6.2950000762939453125 6.3319997787475585938 6.3709998130798339844 6.4089999198913574219 6.4559998512268066406 6.5040001869201660156 3.9739999771118164062 1.7849999666213989258 2.2090001106262207031 2.7669999599456787109 2.3359999656677246094 4.4559998512268066406 6.6760001182556152344 6.9000000953674316406 6.9369997978210449219 6.9699997901916503906 7.0019998550415039062 7.0339999198913574219 7.0659999847412109375 7.0970001220703125 7.1290001869201660156 7.1579999923706054688 7.1929998397827148438 7.2230000495910644531 7.2560000419616699219 7.2890000343322753906 7.3189997673034667969
1.1430000066757202148 1.1510000228881835938 1.6710000038146972656 2.0889999866485595703 2.2460000514984130859 2.1070001125335693359 2.4360001087188720703 3.4449999332427978516 2.6370000839233398438 1.8550000190734863281 1.6069999933242797852 1.4049999713897705078 0.97200000286102294922 0.82300001382827758789 1.6030000448226928711 2.8239998817443847656 3.8589999675750732422 3.7829999923706054688 3.2239999771118164062 3.3480000495910644531 3.8510000705718994141 3.1789999008178710938 0.070000000298023223877 0.23100000619888305664 0.12999999523162841797 0.056000001728534698486 0.10999999940395355225 0.12600000202655792236 0.69700002670288085938 0.86900001764297485352 0.78899997472763061523 2.0969998836517333984 1.8150000572204589844 0.54799997806549072266 1.4809999465942382812 4.520999908447265625 5.4299998283386230469 5.5539999008178710938 7.2189998626708984375 7.2519998550415039062 7.2839999198913574219 7.3140001296997070312 7.3470001220703125
1.5529999732971191406 1.7070000171661376953 1.9780000448226928711 2.0820000171661376953 2.3090000152587890625 2.3289999961853027344 2.4630000591278076172 2.8640000820159912109 2.4319999217987060547 2.0659999847412109375 1.6430000066757202148 1.3370000123977661133 0.81000000238418579102 0.57700002193450927734 0.40299999713897705078 0.021999999880790710449 0 0 0 0 0 0 0 0.17900000512599945068 0.1689999997615814209 0.16599999368190765381 0.12999999523162841797 0.24699999392032623291 0.87800002098083496094 1.1390000581741333008 1.1449999809265136719 1.2180000543594360352 0.34999999403953552246 0.68199998140335083008 0.76999998092651367188 1.0030000209808349609 1.0549999475479125977 1.2630000114440917969 1.258999943733215332 1.2630000114440917969 1.7009999752044677734 3.0290000438690185547 2.7939999103546142578
1.0499999523162841797 0.78399997949600219727 0.78100001811981201172 0.87999999523162841797 1.3789999485015869141 1.3070000410079956055 3.7750000953674316406 1.6100000143051147461 1.886999964714050293 1.9570000171661376953 1.7530000209808349609 1.5889999866485595703 1.488000035285949707 0.87999999523162841797 0.18899999558925628662 0 0 0 0 0 0 0 0 0.054000001400709152222 0.096000000834465026855 0.12700000405311584473 0 1.0449999570846557617 1.2079999446868896484 1.4630000591278076172 1.6909999847412109375 1.7690000534057617188 1.4259999990463256836 1.9620000123977661133 2.1559998989105224609 2.2330000400543212891 2.36100006103515625 1.9409999847412109375 1.3170000314712524414 0.63300001621246337891 0.59500002861022949219 0.24099999666213989258 0.64200001955032348633
0.34999999403953552246 0.24099999666213989258 0.60500001907348632812 0.66299998760223388672 1.1100000143051147461 2.6470000743865966797 1.0210000276565551758 1.2089999914169311523 1.5529999732971191406 1.738000035285949707 1.7929999828338623047 1.5729999542236328125 1.3029999732971191406 1.3170000314712524414 1.1390000581741333008 0 0 0 0 0 0 0 0 0.027000000700354576111 0.086999997496604919434 0.085000000894069671631 0 1.2580000162124633789 1.2869999408721923828 1.5590000152587890625 1.7369999885559082031 1.9279999732971191406 2.0109999179840087891 2.1710000038146972656 2.3320000171661376953 2.2550001144409179688 2.1610000133514404297 2.1740000247955322266 2.2170000076293945312 1.9529999494552612305 1.5219999551773071289 1.2710000276565551758 1.9680000543594360352
0 0.054000001400709152222 0.34799998998641967773 0.70800000429153442383 2.0720000267028808594 2.2960000038146972656 0.58099997043609619141 0.72500002384185791016 1.1109999418258666992 1.491000056266784668 1.6710000038146972656 1.3380000591278076172 1.1690000295639038086 1.1119999885559082031 1.0859999656677246094 0 0 0 0 0 0 0 0 0.037000000476837158203 0.11900000274181365967 0 1.2799999713897705078 1.4589999914169311523 1.3880000114440917969 1.6799999475479125977 1.8020000457763671875 1.9069999456405639648 1.8980000019073486328 2.0999999046325683594 2.1809999942779541016 2.1310000419616699219 2.2960000038146972656 2.1189999580383300781 1.6990000009536743164 1.8099999427795410156 1.4329999685287475586 2.1480000019073486328 1.6900000572204589844
0 0 0 2.7019999027252197266 2.6670000553131103516 0.4629999995231628418 0.63700002431869506836 0.79900002479553222656 1.0169999599456787109 1.3849999904632568359 1.6430000066757202148 1.4140000343322753906 1.1909999847412109375 1.1280000209808349609 0.75800001621246337891 0 0 0 0 0 0.21600000560283660889 0.068000003695487976074 0 0.11900000274181365967 0.19200000166893005371 0.76399999856948852539 1.241000056266784668 1.4889999628067016602 1.5809999704360961914 1.7029999494552612305 1.8190000057220458984 1.9090000391006469727 1.386999964714050293 1.7899999618530273438 2.1419999599456787109 2.2170000076293945312 2.2720000743865966797 2.1979999542236328125 2.0460000038146972656 1.995000004768371582 1.8140000104904174805 1.6809999942779541016 2.4600000381469726562
0 0 0.58899998664855957031 3.1970000267028808594 0.89600002765655517578 1.2079999446868896484 1.1829999685287475586 1.1469999551773071289 1.123000025749206543 1.0880000591278076172 1.6239999532699584961 1.0829999446868896484 0.97000002861022949219 1.0210000276565551758 0.80699998140335083008 0 0 0 0 0 0.23600000143051147461 0.24699999392032623291 0.22100000083446502686 0.21899999678134918213 0.12099999934434890747 1.1150000095367431641 1.2120000123977661133 1.3489999771118164062 1.4989999532699584961 1.6900000572204589844 1.8190000057220458984 1.9179999828338623047 1.9509999752044677734 1.9459999799728393555 2.0360000133514404297 2.2049999237060546875 2.0339999198913574219 2.1919999122619628906 2.3599998950958251953 2.4300000667572021484 2.4709999561309814453 2.1860001087188720703 2.4400000572204589844
