data/Outputs10m/flood2014/Run_1.asc
ncols        104
nrows        112
xllcorner    470406.491399999999
yllcorner    4439304.785899999551
cellsize     9.997971000000
NODATA_value  nan
[rows 19 to 37 of 112, columns 0 to 42 of 104]
3.3389999866485595703 3.3529999256134033203 2.3510000705718994141 2.2809998989105224609 1.8309999704360961914 2.9040000438690185547 4.243000030517578125 3.8090000152587890625 3.104000091552734375 0.49099999666213989258 0.48600000143051147461 0.36300000548362731934 0.16300000250339508057 0 0 0 0 0 0 0 0.068000003695487976074 0 0 0 0 0.050999999046325683594 0.028000000864267349243 0.34099999070167541504 0.45500001311302185059 0.47699999809265136719 0.69999998807907104492 0.70499998331069946289 0.66900002956390380859 0.36300000548362731934 0.34000000357627868652 0 0 0 0 0 0 0 0
3.3289999961853027344 3.3420000076293945312 3.3559999465942382812 3.0690000057220458984 2.4609999656677246094 4.4320001602172851562 5.520999908447265625 5.8350000381469726562 5.4539999961853027344 2.5 1.116000056266784668 0.87599998712539672852 0.29600000381469726562 0 0 0 0 0 0 0.0080000003799796104431 0.010999999940395355225 0 0 0 0 0.024000000208616256714 0 0 0.29600000381469726562 0.57400000095367431641 0.65100002288818359375 0.63700002431869506836 0.73600000143051147461 0.67199999094009399414 0.26699998974800109863 0 0 0 0 0 0 0 0
3.3139998912811279297 3.3329999446868896484 3.354000091552734375 3.3570001125335693359 3.36100006103515625 3.5739998817443847656 5.5130000114440917969 5.8390002250671386719 5.8579998016357421875 5.8810000419616699219 5.9010000228881835938 5.9250001907348632812 4.5999999046325683594 2.4579999446868896484 0.14900000393390655518 0.14000000059604644775 0.0010000000474974513054 0.0020000000949949026108 0.0040000001899898052216 0.0099999997764825820923 0.0049999998882412910461 0 0 0 0 0 0 0 0.10700000077486038208 0.30199998617172241211 0.51599997282028198242 0.39100000262260437012 0.70200002193450927734 0.87199997901916503906 0.66799998283386230469 0.20999999344348907471 0 0 0 0 0 0 0
3.3069999217987060547 3.3259999752044677734 3.3469998836517333984 3.354000091552734375 3.3580000400543212891 4.1589999198913574219 5.8210000991821289062 5.8429999351501464844 5.8639998435974121094 5.8870000839233398438 5.9089999198913574219 5.9340000152587890625 5.95800018310546875 5.9910001754760742188 5.9349999427795410156 4.6119999885559082031 2.6930000782012939453 0.95800000429153442383 0.36500000953674316406 0.22300000488758087158 0.041999999433755874634 0 0 0 0 0 0 0 0 0.090999998152256011963 0.22200000286102294922 0.36000001430511474609 0.72299998998641967773 0.97500002384185791016 0.82400000095367431641 0.13099999725818634033 0.23899999260902404785 0.55699998140335083008 0.21999999880790710449 0.046000000089406967163 0.064999997615814208984 0.23700000345706939697 0
3.2960000038146972656 3.3150000572204589844 3.3389999866485595703 3.3489999771118164062 3.354000091552734375 4.729000091552734375 5.8210000991821289062 5.8439998626708984375 5.868000030517578125 5.8899998664855957031 5.9120001792907714844 5.9390001296997070312 5.9670000076293945312 5.9959998130798339844 6.0260000228881835938 6.0549998283386230469 6.0850000381469726562 5.3429999351501464844 3.0590000152587890625 0.43599998950958251953 0.44900000095367431641 0.31799998879432678223 0.20299999415874481201 0 0 0 0 0 0 0 0 1.1820000410079956055 1.5429999828338623047 1.3040000200271606445 0.92699998617172241211 1.868000030517578125 1.6670000553131103516 1.3370000123977661133 0.3160000145435333252 0.059999998658895492554 0.48100000619888305664 0.74500000476837158203 0.68500000238418579102
3.2829999923706054688 3.3059999942779541016 3.3269999027252197266 3.3440001010894775391 3.4470000267028808594 5.5229997634887695312 5.8229999542236328125 5.8439998626708984375 5.8689999580383300781 5.8909997940063476562 5.9180002212524414062 5.9460000991821289062 5.9739999771118164062 6.0009999275207519531 5.9460000991821289062 5.993000030517578125 6.0929999351501464844 6.0159997940063476562 6.1560001373291015625 6.1339998245239257812 3.7939999103546142578 0.80500000715255737305 0.64899998903274536133 0.41800001263618469238 0.33399999141693115234 0.28099998831748962402 0.12999999523162841797 0 0 0 0.3160000145435333252 1.8409999608993530273 1.7419999837875366211 1.1119999885559082031 1.6870000362396240234 2.8029999732971191406 2.6740000247955322266 2.6900000572204589844 1.3150000572204589844 0.80299997329711914062 0.80699998140335083008 0.48699998855590820312 0.58999997377395629883
3.2730000019073486328 3.2929999828338623047 3.3139998912811279297 3.3369998931884765625 4.0009999275207519531 5.8000001907348632812 5.8210000991821289062 5.8460001945495605469 5.868000030517578125 5.8949999809265136719 5.9190001487731933594 5.9479999542236328125 5.9739999771118164062 6.0050001144409179688 6.0359997749328613281 5.7839999198913574219 5.8629999160766601562 5.8839998245239257812 6.1620001792907714844 6.1960000991821289062 6.2309999465942382812 6.2670001983642578125 5.090000152587890625 1.7209999561309814453 0.67000001668930053711 0.53399997949600219727 0.51899999380111694336 0 0 0 1.4579999446868896484 2.2300000190734863281 1.0720000267028808594 0.97899997234344482422 2.4140000343322753906 2.9960000514984130859 2.9119999408721923828 2.3780000209808349609 1.5499999523162841797 0.91900002956390380859 0.70800000429153442383 0.69800001382827758789 0.58600002527236938477
3.256999969482421875 3.2769999504089355469 3.2990000247955322266 3.3250000476837158203 4.7249999046325683594 5.7969999313354492188 5.8210000991821289062 5.8439998626708984375 5.8699998855590820312 5.8949999809265136719 5.9200000762939453125 5.9489998817443847656 5.9759998321533203125 6.0100002288818359375 6.04199981689453125 6.0720000267028808594 6.1020002365112304688 6.1329998970031738281 6.16699981689453125 6.1989998817443847656 6.2379999160766601562 6.2740001678466796875 6.3119997978210449219 6.3499999046325683594 6.38899993896484375 5.6360001564025878906 2.5190000534057617188 3.3699998855590820312 3.0239999294281005859 1.4969999790191650391 1.3550000190734863281 1.4249999523162841797 1.3279999494552612305 1.9490000009536743164 2.8229999542236328125 2.4500000476837158203 2.9159998893737792969 2.1909999847412109375 0.94999998807907104492 0.7210000157356262207 0.63300001621246337891 0.66399997472763061523 0.69700002670288085938
3.2409999370574951172 3.26399993896484375 3.2890000343322753906 3.4979999065399169922 5.29199981689453125 5.7909998893737792969 5.8169999122619628906 5.840000152587890625 5.868000030517578125 5.8930001258850097656 5.9200000762939453125 5.9499998092651367188 5.9809999465942382812 6.0120000839233398438 6.04199981689453125 6.0720000267028808594 6.1020002365112304688 6.1370000839233398438 5.8299999237060546875 5.8660001754760742188 5.9109997749328613281 5.7960000038146972656 6.3189997673034667969 6.3550000190734863281 6.3979997634887695312 6.4369997978210449219 6.4819998741149902344 6.5339999198913574219 6.3449997901916503906 5.2309999465942382812 3.7079999446868896484 2.0299999713897705078 1.5740000009536743164 1.5880000591278076172 1.7039999961853027344 2.2850000858306884766 2.7609999179840087891 2.0529999732971191406 0.90700000524520874023 0.66299998760223388672 0.68599998950958251953 0.69700002670288085938 0.70899999141693115234
3.243000030517578125 3.2690000534057617188 3.2920000553131103516 4.0199999809265136719 5.7630000114440917969 5.7880001068115234375 5.8119997978210449219 5.8359999656677246094 5.8649997711181640625 5.8909997940063476562 5.9190001487731933594 5.9499998092651367188 5.9809999465942382812 6.0110001564025878906 6.0440001487731933594 6.0739998817443847656 6.1050000190734863281 6.1399998664855957031 6.1729998588562011719 6.2090001106262207031 5.7030000686645507812 6.1279997825622558594 6.3220000267028808594 6.36100006103515625 6.4019999504089355469 6.4450001716613769531 6.4899997711181640625 6.5380001068115234375 6.5869998931884765625 6.6370000839233398438 6.6859998703002929688 4.9190001487731933594 3.3239998817443847656 2.1719999313354492188 1.8300000429153442383 1.866000056266784668 2.0999999046325683594 1.1909999847412109375 0.87800002098083496094 0.72899997234344482422 0.87400001287460327148 0.88599997758865356445 0.73699998855590820312
3.2650001049041748047 3.2730000019073486328 3.2860000133514404297 4.5770001411437988281 5.756999969482421875 5.7800002098083496094 5.8049998283386230469 5.8309998512268066406 5.86100006103515625 5.8920001983642578125 5.91699981689453125 5.9520001411437988281 5.9809999465942382812 6.0110001564025878906 6.04199981689453125 6.0729999542236328125 6.1079998016357421875 6.1399998664855957031 6.1760001182556152344 6.2119998931884765625 6.25 6.2880001068115234375 6.3270001411437988281 6.3670001029968261719 6.4050002098083496094 6.4499998092651367188 6.4920001029968261719 6.5409998893737792969 6.5879998207092285156 6.6350002288818359375 6.6820001602172851562 6.7280001640319824219 6.7699999809265136719 6.8140001296997070312 5.4939999580383300781 3.4609999656677246094 2.4739999771118164062 1.1490000486373901367 1.2109999656677246094 1.1519999504089355469 1.0410000085830688477 0.80400002002716064453 0.9629999995231628418
3.2520000934600830078 3.2620000839233398438 3.5250000953674316406 5.0640001296997070312 5.7459998130798339844 5.770999908447265625 5.8010001182556152344 5.8249998092651367188 5.8559999465942382812 5.8880000114440917969 5.9180002212524414062 5.9470000267028808594 5.9780001640319824219 6.0120000839233398438 6.0430002212524414062 6.0739998817443847656 6.1069998741149902344 6.1420001983642578125 6.1789999008178710938 6.2160000801086425781 6.2529997825622558594 6.2880001068115234375 6.3309998512268066406 6.368000030517578125 6.4120001792907714844 6.451000213623046875 6.4980001449584960938 6.5390000343322753906 6.5850000381469726562 6.6339998245239257812 6.6770000457763671875 6.7220001220703125 6.76399993896484375 6.8109998703002929688 6.8480000495910644531 6.88899993896484375 5.7259998321533203125 4.2090001106262207031 2.1689999103546142578 1.4359999895095825195 1.383999943733215332 1.3600000143051147461 1.2730000019073486328
3.243000030517578125 3.2439999580383300781 4.0619997978210449219 5.6999998092651367188 5.7329998016357421875 5.76399993896484375 5.79199981689453125 5.8210000991821289062 5.8509998321533203125 5.8839998245239257812 5.9149999618530273438 5.9460000991821289062 5.9770002365112304688 6.0079998970031738281 6.0430002212524414062 6.0749998092651367188 6.1079998016357421875 6.1440000534057617188 6.1779999732971191406 6.2179999351501464844 6.2529997825622558594 6.2940001487731933594 6.3340001106262207031 6.3740000724792480469 6.4120001792907714844 6.4539999961853027344 6.4959998130798339844 6.5399999618530273438 6.5879998207092285156 6.6329998970031738281 6.6779999732971191406 6.7189998626708984375 6.76399993896484375 6.8080000877380371094 6.8460001945495605469 6.8839998245239257812 6.9190001487731933594 6.95800018310546875 6.9970002174377441406 5.9959998130798339844 3.479000091552734375 1.5349999666213989258 1.6310000419616699219
3.2309999465942382812 3.2160000801086425781 4.6939997673034667969 5.6859998703002929688 5.7179999351501464844 5.75 5.7800002098083496094 5.8140001296997070312 5.8480000495910644531 5.8800001144409179688 5.9089999198913574219 5.9429998397827148438 5.9749999046325683594 6.006999969482421875 6.0399999618530273438 6.0729999542236328125 6.1090002059936523438 6.1420001983642578125 6.1820001602172851562 6.2170000076293945312 6.2579998970031738281 6.2930002212524414062 6.3359999656677246094 6.3759999275207519531 6.4130001068115234375 6.4549999237060546875 6.4970002174377441406 6.5409998893737792969 6.5840001106262207031 6.6310000419616699219 6.6729998588562011719 6.7170000076293945312 6.7610001564025878906 6.8029999732971191406 6.8439998626708984375 6.8800001144409179688 6.9180002212524414062 6.9539999961853027344 6.993000030517578125 7.0329999923706054688 7.0700001716613769531 6.3390002250671386719 3.618000030517578125
7.5669999122619628906 7.5879998207092285156 7.6079998016357421875 7.6279997825622558594 5.70800018310546875 5.7399997711181640625 5.7750000953674316406 5.8029999732971191406 5.8109998703002929688 5.4520001411437988281 5.9019999504089355469 5.9380002021789550781 5.9699997901916503906 6.0060000419616699219 6.0390000343322753906 6.0729999542236328125 6.1090002059936523438 6.1430001258850097656 6.1799998283386230469 6.2179999351501464844 6.2560000419616699219 6.2950000762939453125 6.3369998931884765625 6.3769998550415039062 6.4149999618530273438 6.4559998512268066406 6.4980001449584960938 6.5399999618530273438 6.58300018310546875 6.6269998550415039062 6.6710000038146972656 6.715000152587890625 6.7560000419616699219 6.8000001907348632812 6.8390002250671386719 6.875 6.9130001068115234375 6.9530000686645507812 6.9920001029968261719 7.0289998054504394531 7.0689997673034667969 7.1069998741149902344 7.1510000228881835938
3.2409999370574951172 4.0329999923706054688 5.631999969482421875 5.6909999847412109375 7.6550002098083496094 7.6750001907348632812 7.6939997673034667969 7.7140002250671386719 7.7340002059936523438 5.8689999580383300781 5.9000000953674316406 5.9359998703002929688 5.9679999351501464844 6.0009999275207519531 6.0359997749328613281 6.0729999542236328125 6.1069998741149902344 6.1440000534057617188 6.1810002326965332031 6.2189998626708984375 6.256999969482421875 6.2960000038146972656 6.3350000381469726562 6.3779997825622558594 6.4149999618530273438 6.4559998512268066406 6.4970002174377441406 6.5390000343322753906 6.5819997787475585938 6.625 6.6680002212524414062 6.7119998931884765625 6.7540001869201660156 6.7950000762939453125 6.8340001106262207031 6.8730001449584960938 6.9120001792907714844 6.951000213623046875 6.9879999160766601562 7.0250000953674316406 7.0650000572204589844 7.1059999465942382812 7.1479997634887695312
3.2599999904632568359 4.4260001182556152344 5.7069997787475585938 5.7239999771118164062 5.7399997711181640625 5.76399993896484375 5.7909998893737792969 5.8189997673034667969 5.8460001945495605469 7.7620000839233398438 7.7820000648498535156 7.8020000457763671875 7.8220000267028808594 7.8429999351501464844 6.0359997749328613281 5.8020000457763671875 5.6799998283386230469 6.1430001258850097656 6.1810002326965332031 6.2199997901916503906 6.2579998970031738281 6.2969999313354492188 6.3350000381469726562 6.3740000724792480469 6.4149999618530273438 6.4549999237060546875 6.4959998130798339844 6.534999847412109375 6.5770001411437988281 6.5159997940063476562 6.3369998931884765625 6.6209998130798339844 6.7509999275207519531 6.79199981689453125 6.8309998512268066406 6.8670001029968261719 6.909999847412109375 6.9460000991821289062 6.9829998016357421875 7.0240001678466796875 7.0640001296997070312 7.1020002365112304688 7.1440000534057617188
3.2839999198913574219 4.3600001335144042969 5.73600006103515625 5.7529997825622558594 5.7719998359680175781 5.7940001487731933594 5.8150000572204589844 5.201000213623046875 5.33300018310546875 5.5450000762939453125 5.7399997711181640625 5.9530000686645507812 5.9819998741149902344 6.0110001564025878906 7.8709998130798339844 7.8920001983642578125 7.9120001792907714844 7.9330000877380371094 7.9549999237060546875 6.2179999351501464844 5.9819998741149902344 5.9130001068115234375 5.5910000801086425781 6.090000152587890625 6.4140000343322753906 6.4549999237060546875 6.4949998855590820312 6.5359997749328613281 6.5770001411437988281 6.3790001869201660156 6.5809998512268066406 6.5869998931884765625 6.6500000953674316406 6.7529997825622558594 6.8249998092651367188 6.8639998435974121094 6.9039998054504394531 6.9409999847412109375 6.9780001640319824219 7.0190000534057617188 7.0599999427795410156 7.1009998321533203125 7.13899993896484375
3.3080000877380371094 4.4670000076293945312 5.7620000839233398438 5.7789998054504394531 5.7979998588562011719 5.8189997673034667969 5.6680002212524414062 5.3410000801086425781 5.3270001411437988281 4.9530000686645507812 4.8920001983642578125 5.4380002021789550781 6.0029997825622558594 6.0339999198913574219 6.0599999427795410156 6.0929999351501464844 6.1269998550415039062 6.1609997749328613281 6.1919999122619628906 7.9840002059936523438 8.0050001144409179688 8.02700042724609375 8.048000335693359375 8.0710000991821289062 6.41699981689453125 5.7199997901916503906 6.493000030517578125 6.5300002098083496094 6.5669999122619628906 6.4310002326965332031 6.0040001869201660156 6.3670001029968261719 6.1059999465942382812 5.7399997711181640625 6.8220000267028808594 6.8619999885559082031 6.8979997634887695312 6.9380002021789550781 6.9759998321533203125 7.0170001983642578125 7.0549998283386230469 7.0960001945495605469 7.1380000114440917969
