data/norristown_10m_new.asc
ncols        104
nrows        112
xllcorner    470406.491399999999
yllcorner    4439304.785899999551
dx           9.997971153846
dy           9.976200892864
[rows 36 to 53 of 112, columns 40 to 79 of 104]
14.484096527099609375 14.47495269775390625 14.4688568115234375 14.459712028503417969 14.450568199157714844 14.444471359252929688 14.435328483581542969 14.429231643676757812 14.417039871215820312 14.410943984985351562 16.294607162475585938 18.659856796264648438 20.400264739990234375 20.220430374145507812 20.57704925537109375 20.381977081298828125 20.705064773559570312 21.064727783203125 21.217128753662109375 21.104351043701171875 20.915376663208007812 20.671535491943359375 21.317712783813476562 20.954999923706054688 20.820886611938476562 20.802600860595703125 21.101305007934570312 21.101305007934570312 21.000720977783203125 21.116542816162109375 21.049488067626953125 20.799551010131835938 20.88489532470703125 20.616672515869140625 20.8056488037109375 17.748504638671875 14.173199653625488281 19.147535324096679688 20.058887481689453125 19.952207565307617188
14.484096527099609375 14.47495269775390625 14.465807914733886719 14.459712028503417969 14.450568199157714844 14.444471359252929688 14.435328483581542969 14.426184654235839844 14.417039871215820312 14.407896041870117188 14.401800155639648438 14.392656326293945312 14.386560440063476562 16.477487564086914062 19.680936813354492188 20.537424087524414062 20.759927749633789062 20.772119522094726562 20.936712265014648438 20.881849288940429688 20.869655609130859375 20.549615859985351562 20.766023635864257812 20.79345703125 20.424648284912109375 20.558759689331054688 20.738592147827148438 20.738592147827148438 20.674585342407226562 20.820886611938476562 20.759927749633789062 20.729448318481445312 20.573999404907226562 20.214336395263671875 20.372831344604492188 20.147279739379882812 14.176247596740722656 14.176247596740722656 15.355824470520019531 18.339815139770507812
14.484096527099609375 14.47495269775390625 14.465807914733886719 14.456664085388183594 14.450568199157714844 14.441424369812011719 14.432279586791992188 14.423135757446289062 14.417039871215820312 14.404847145080566406 14.398752212524414062 14.389607429504394531 14.383511543273925781 14.371320724487304688 14.362175941467285156 16.258031845092773438 20.08022308349609375 20.814792633056640625 20.677631378173828125 20.708112716674804688 20.778215408325195312 20.534376144409179688 20.436840057373046875 20.241769790649414062 20.421600341796875 20.177759170532226562 20.333208084106445312 20.287487030029296875 20.317968368530273438 20.427694320678710938 20.705064773559570312 20.674585342407226562 20.580095291137695312 20.128992080688476562 21.23846435546875 21.954744338989257812 20.177759170532226562 14.179296493530273438 14.176247596740722656 14.170152664184570312
14.481047630310058594 14.471903800964355469 14.465807914733886719 14.456664085388183594 14.447520256042480469 14.438375473022460938 14.429231643676757812 14.420088768005371094 14.413991928100585938 14.404847145080566406 14.398752212524414062 14.389607429504394531 14.380464553833007812 14.368271827697753906 14.359127998352050781 14.349984169006347656 14.334743499755859375 17.013935089111328125 20.09241485595703125 20.665441513061523438 20.558759689331054688 20.24786376953125 20.132040023803710938 20.01926422119140625 20.098512649536132812 19.9887847900390625 19.970495223999023438 20.025358200073242188 20.324064254760742188 20.132040023803710938 20.46427154541015625 20.516086578369140625 20.473415374755859375 21.354288101196289062 22.695407867431640625 23.103841781616210938 23.045928955078125 22.549104690551757812 20.58924102783203125 14.182343482971191406
14.477999687194824219 14.471903800964355469 14.462759971618652344 14.453615188598632812 14.444471359252929688 14.438375473022460938 14.429231643676757812 14.420088768005371094 14.410943984985351562 14.404847145080566406 14.395704269409179688 14.389607429504394531 14.377415657043457031 14.365223884582519531 14.3560791015625 14.346936225891113281 14.331696510314941406 14.322552680969238281 14.310359954833984375 15.16684722900390625 17.480279922485351562 19.5925445556640625 19.860769271850585938 19.778470993041992188 19.629119873046875 19.747991561889648438 20.046695709228515625 20.366735458374023438 20.028408050537109375 20.077177047729492188 20.299678802490234375 20.598384857177734375 22.869144439697265625 24.73451995849609375 25.325830459594726562 24.515064239501953125 23.79268646240234375 23.4299774169921875 24.664415359497070312 21.54021453857421875
14.477999687194824219 14.4688568115234375 14.459712028503417969 14.450568199157714844 14.444471359252929688 14.435328483581542969 14.426184654235839844 14.420088768005371094 14.410943984985351562 14.401800155639648438 14.392656326293945312 14.386560440063476562 14.377415657043457031 14.362175941467285156 14.353032112121582031 14.340839385986328125 14.328647613525390625 14.316456794738769531 14.304264068603515625 14.298168182373046875 14.285975456237792969 14.484096527099609375 17.486375808715820312 17.949672698974609375 18.330671310424804688 19.430999755859375 19.702272415161132812 20.375879287719726562 20.994623184204101562 19.89429473876953125 19.8150482177734375 21.7444305419921875 24.237695693969726562 25.124664306640625 25.206958770751953125 24.313894271850585938 23.9237518310546875 23.704294204711914062 25.584913253784179688 23.469600677490234375
14.47495269775390625 14.465807914733886719 14.459712028503417969 14.450568199157714844 14.441424369812011719 14.432279586791992188 14.423135757446289062 14.417039871215820312 14.407896041870117188 14.398752212524414062 14.389607429504394531 14.383511543273925781 14.374367713928222656 14.362175941467285156 14.349984169006347656 14.337792396545410156 14.32559967041015625 14.316456794738769531 14.304264068603515625 14.292071342468261719 14.279879570007324219 14.270735740661621094 14.258543968200683594 14.249400138854980469 15.53870391845703125 17.352264404296875 19.3944244384765625 19.427951812744140625 19.717512130737304688 19.699222564697265625 20.933664321899414062 21.244558334350585938 23.463504791259765625 24.255985260009765625 24.399240493774414062 23.86279296875 23.234905242919921875 22.97582244873046875 23.643335342407226562 19.9887847900390625
14.47495269775390625 14.465807914733886719 14.456664085388183594 14.447520256042480469 14.438375473022460938 14.432279586791992188 14.423135757446289062 14.413991928100585938 14.404847145080566406 14.398752212524414062 14.389607429504394531 14.380464553833007812 14.368271827697753906 14.359127998352050781 14.346936225891113281 14.334743499755859375 14.322552680969238281 14.310359954833984375 14.298168182373046875 14.28902435302734375 14.276831626892089844 14.267688751220703125 14.255496025085449219 14.243304252624511719 14.231111526489257812 14.221967697143554688 15.404592514038085938 17.050512313842773438 19.092672348022460938 19.41271209716796875 20.208240509033203125 21.51583099365234375 22.78989410400390625 23.11907958984375 24.067007064819335938 23.829263687133789062 22.768558502197265625 21.811487197875976562 21.09520721435546875 17.678400039672851562
14.471903800964355469 14.462759971618652344 14.453615188598632812 14.447520256042480469 14.438375473022460938 14.429231643676757812 14.423135757446289062 14.413991928100585938 14.404847145080566406 14.395704269409179688 14.386560440063476562 14.377415657043457031 14.365223884582519531 14.3560791015625 14.343888282775878906 14.331696510314941406 14.3195037841796875 14.30731201171875 14.2951202392578125 14.282928466796875 14.273784637451171875 14.264639854431152344 14.252447128295898438 14.240256309509277344 14.228064537048339844 14.218920707702636719 14.215871810913085938 14.215871810913085938 14.755368232727050781 16.892015457153320312 17.827753067016601562 20.6075286865234375 22.64359283447265625 23.442169189453125 23.926799774169921875 23.6768646240234375 22.39670562744140625 21.204935073852539062 20.488656997680664062 15.194279670715332031
14.471903800964355469 14.462759971618652344 14.453615188598632812 14.444471359252929688 14.435328483581542969 14.426184654235839844 14.417039871215820312 14.410943984985351562 14.401800155639648438 14.392656326293945312 14.386560440063476562 14.374367713928222656 14.362175941467285156 14.353032112121582031 14.340839385986328125 14.32559967041015625 14.316456794738769531 14.301215171813964844 14.292071342468261719 14.279879570007324219 14.270735740661621094 14.255496025085449219 14.246352195739746094 14.234160423278808594 14.225015640258789062 14.218920707702636719 14.215871810913085938 14.215871810913085938 14.212823867797851562 14.212823867797851562 14.7157440185546875 16.562831878662109375 19.001232147216796875 20.40331268310546875 22.564344406127929688 23.009351730346679688 22.357080459594726562 20.842222213745117188 18.309335708618164062 14.188439369201660156
14.4688568115234375 14.459712028503417969 14.450568199157714844 14.444471359252929688 14.432279586791992188 14.426184654235839844 14.417039871215820312 14.407896041870117188 14.398752212524414062 14.392656326293945312 14.380464553833007812 14.371320724487304688 14.359127998352050781 14.349984169006347656 14.334743499755859375 14.322552680969238281 14.310359954833984375 14.298168182373046875 14.28902435302734375 14.273784637451171875 14.264639854431152344 14.255496025085449219 14.243304252624511719 14.228064537048339844 14.221967697143554688 14.215871810913085938 14.215871810913085938 14.215871810913085938 14.212823867797851562 14.212823867797851562 14.209775924682617188 14.209775924682617188 15.904463768005371094 17.422367095947265625 18.903696060180664062 19.8028564453125 20.293584823608398438 18.864070892333984375 16.687799453735351562 14.173199653625488281
14.465807914733886719 14.459712028503417969 14.450568199157714844 14.441424369812011719 14.429231643676757812 14.423135757446289062 14.413991928100585938 14.407896041870117188 14.398752212524414062 14.389607429504394531 14.380464553833007812 14.365223884582519531 14.3560791015625 14.343888282775878906 14.331696510314941406 14.3195037841796875 14.30731201171875 14.2951202392578125 14.282928466796875 14.270735740661621094 14.258543968200683594 14.249400138854980469 14.237207412719726562 14.228064537048339844 14.218920707702636719 14.215871810913085938 14.215871810913085938 14.212823867797851562 14.209775924682617188 14.209775924682617188 14.209775924682617188 14.206727981567382812 14.206727981567382812 14.206727981567382812 14.203679084777832031 16.248888015747070312 17.3888397216796875 17.013935089111328125 14.194536209106445312 14.161007881164550781
14.465807914733886719 14.456664085388183594 14.447520256042480469 14.438375473022460938 14.429231643676757812 14.420088768005371094 14.410943984985351562 14.404847145080566406 14.395704269409179688 14.386560440063476562 14.377415657043457031 14.362175941467285156 14.353032112121582031 14.340839385986328125 14.328647613525390625 14.316456794738769531 14.304264068603515625 14.292071342468261719 14.279879570007324219 14.270735740661621094 14.255496025085449219 14.246352195739746094 14.234160423278808594 14.221967697143554688 14.218920707702636719 14.215871810913085938 14.212823867797851562 14.209775924682617188 14.209775924682617188 14.206727981567382812 14.206727981567382812 14.203679084777832031 14.203679084777832031 14.203679084777832031 14.200632095336914062 14.203679084777832031 14.200632095336914062 14.831567764282226562 14.182343482971191406 14.154911994934082031
14.462759971618652344 14.453615188598632812 14.447520256042480469 14.438375473022460938 14.429231643676757812 14.417039871215820312 14.407896041870117188 14.401800155639648438 14.395704269409179688 14.383511543273925781 14.374367713928222656 14.362175941467285156 14.349984169006347656 14.334743499755859375 14.32559967041015625 14.31340789794921875 14.298168182373046875 14.285975456237792969 14.276831626892089844 14.261591911315917969 14.252447128295898438 14.240256309509277344 14.228064537048339844 14.218920707702636719 14.215871810913085938 14.215871810913085938 14.212823867797851562 14.209775924682617188 14.209775924682617188 14.206727981567382812 14.206727981567382812 14.203679084777832031 14.203679084777832031 14.200632095336914062 14.200632095336914062 14.197584152221679688 14.197584152221679688 14.188439369201660156 14.176247596740722656 14.151864051818847656
14.459712028503417969 14.453615188598632812 14.444471359252929688 14.435328483581542969 14.426184654235839844 14.417039871215820312 14.407896041870117188 14.398752212524414062 14.392656326293945312 14.383511543273925781 14.368271827697753906 14.359127998352050781 14.346936225891113281 14.334743499755859375 14.322552680969238281 14.310359954833984375 14.2951202392578125 14.282928466796875 14.270735740661621094 14.258543968200683594 14.246352195739746094 14.234160423278808594 14.221967697143554688 14.218920707702636719 14.212823867797851562 14.212823867797851562 14.209775924682617188 14.209775924682617188 14.206727981567382812 14.203679084777832031 14.203679084777832031 14.200632095336914062 14.200632095336914062 14.197584152221679688 14.197584152221679688 14.197584152221679688 14.197584152221679688 14.182343482971191406 14.167103767395019531 14.151864051818847656
20.06803131103515625 18.76348876953125 19.0225677490234375 17.590007781982421875 14.801088333129882812 14.413991928100585938 14.404847145080566406 14.398752212524414062 14.389607429504394531 14.380464553833007812 14.365223884582519531 14.353032112121582031 14.340839385986328125 14.328647613525390625 14.316456794738769531 14.304264068603515625 14.292071342468261719 14.279879570007324219 14.264639854431152344 14.255496025085449219 14.243304252624511719 14.231111526489257812 14.221967697143554688 14.215871810913085938 14.212823867797851562 14.209775924682617188 14.206727981567382812 14.206727981567382812 14.206727981567382812 14.203679084777832031 14.200632095336914062 14.200632095336914062 14.200632095336914062 14.197584152221679688 14.197584152221679688 14.194536209106445312 14.188439369201660156 14.176247596740722656 14.157959938049316406 14.148815155029296875
21.198841094970703125 21.576791763305664062 21.198841094970703125 19.808950424194335938 19.421855926513671875 19.360897064208984375 18.678144454956054688 18.141696929931640625 17.074895858764648438 14.508479118347167969 14.362175941467285156 14.349984169006347656 14.337792396545410156 14.32559967041015625 14.31340789794921875 14.298168182373046875 14.285975456237792969 14.273784637451171875 14.261591911315917969 14.249400138854980469 14.237207412719726562 14.225015640258789062 14.218920707702636719 14.212823867797851562 14.212823867797851562 14.209775924682617188 14.206727981567382812 14.203679084777832031 14.203679084777832031 14.200632095336914062 14.200632095336914062 14.197584152221679688 14.194536209106445312 14.194536209106445312 14.194536209106445312 14.191488265991210938 14.182343482971191406 14.164056777954101562 14.151864051818847656 14.148815155029296875
20.296630859375 20.570951461791992188 19.897342681884765625 19.787614822387695312 19.43709564208984375 19.02866363525390625 19.049999237060546875 18.836639404296875 18.702527999877929688 18.562320709228515625 17.763744354248046875 17.821657180786132812 16.035528182983398438 14.859000205993652344 14.30731201171875 14.298168182373046875 14.282928466796875 14.270735740661621094 14.258543968200683594 14.246352195739746094 14.231111526489257812 14.221967697143554688 14.215871810913085938 14.212823867797851562 14.209775924682617188 14.206727981567382812 14.206727981567382812 14.203679084777832031 14.203679084777832031 14.200632095336914062 14.197584152221679688 14.194536209106445312 14.194536209106445312 14.194536209106445312 14.191488265991210938 14.188439369201660156 14.173199653625488281 14.157959938049316406 14.151864051818847656 14.148815155029296875
