data/norristown_5m.asc
ncols        208
nrows        223
xllcorner    470406.491399999999
yllcorner    4439304.785899999551
dx           4.998985576923
dy           5.010468609869
[rows 162 to 179 of 223, columns 0 to 39 of 208]
24.15235137939453125 24.006048202514648438 24.332183837890625 24.316944122314453125 24.198072433471679688 24.134063720703125 24.07920074462890625 24.076150894165039062 24.097486495971679688 24.124919891357421875 24.100536346435546875 23.987758636474609375 23.768304824829101562 23.591520309448242188 23.722583770751953125 23.292816162109375 23.32329559326171875 23.497030258178710938 23.667720794677734375 23.810976028442382812 23.896320343017578125 23.771350860595703125 23.7012481689453125 23.78049468994140625 23.7500152587890625 23.713441848754882812 23.69515228271484375 23.637241363525390625 23.612855911254882812 23.567136764526367188 23.5518951416015625 23.393400192260742188 23.26233673095703125 23.225759506225585938 23.2318572998046875 23.116031646728515625 23.042879104614257812 22.969728469848632812 22.856950759887695312 22.795991897583007812
24.41143035888671875 24.417528152465820312 24.633935928344726562 24.70404052734375 24.66136932373046875 24.59735870361328125 24.545543670654296875 24.405336380004882812 24.36266326904296875 24.35047149658203125 24.313894271850585938 24.15235137939453125 23.908512115478515625 23.640287399291992188 23.350728988647460938 23.365968704223632812 23.454359054565429688 23.625049591064453125 23.78049468994140625 23.926799774169921875 24.0487213134765625 24.185878753662109375 24.127969741821289062 24.024335861206054688 23.823169708251953125 23.963376998901367188 23.996904373168945312 23.884128570556640625 23.740871429443359375 23.746969223022460938 23.73172760009765625 23.61590576171875 23.52141571044921875 23.481792449951171875 23.4299774169921875 23.3050079345703125 23.21356964111328125 23.140415191650390625 23.055070877075195312 22.991064071655273438
24.694894790649414062 24.780241012573242188 24.935688018798828125 25.014936447143554688 24.960071563720703125 24.90825653076171875 24.856441497802734375 24.792430877685546875 24.749759674072265625 24.627840042114257812 24.420576095581054688 24.219408035278320312 24.01824188232421875 23.853649139404296875 23.381208419799804688 23.454359054565429688 23.65857696533203125 23.795736312866210938 23.960329055786132812 24.118824005126953125 24.27732086181640625 24.380950927734375 24.444959640502929688 24.182830810546875 23.90546417236328125 24.0487213134765625 24.161495208740234375 24.112728118896484375 23.896320343017578125 23.716487884521484375 23.945087432861328125 23.868886947631835938 23.798784255981445312 23.71953582763671875 23.716487884521484375 23.591520309448242188 23.417783737182617188 23.247095108032226562 23.247095108032226562 23.186136245727539062
24.862535476684570312 24.984457015991210938 25.173431396484375 25.40203094482421875 25.347169876098632812 25.295351028442382812 25.152095794677734375 25.005792617797851562 24.883871078491210938 24.758905410766601562 24.472393035888671875 24.283414840698242188 24.067007064819335938 23.722583770751953125 23.542751312255859375 23.765256881713867188 24.280368804931640625 24.810720443725585938 24.380950927734375 24.466295242309570312 24.481534957885742188 24.533351898193359375 24.603456497192382812 24.1462554931640625 23.987758636474609375 23.999950408935546875 24.033479690551757812 24.006048202514648438 23.9237518310546875 23.820119857788085938 23.814023971557617188 23.841455459594726562 23.795736312866210938 23.78049468994140625 23.746969223022460938 23.652479171752929688 23.393400192260742188 23.375112533569335938 23.372064590454101562 23.3781585693359375
25.39593505859375 25.182577133178710938 25.502614974975585938 25.597105026245117188 25.670255661010742188 25.5818634033203125 25.493471145629882812 25.3593597412109375 25.17952728271484375 24.926544189453125 24.624792098999023438 24.2956085205078125 23.902416229248046875 23.524463653564453125 23.878030776977539062 24.560785293579101562 25.597105026245117188 25.423368453979492188 24.963121414184570312 24.838151931762695312 24.856441497802734375 24.883871078491210938 24.640031814575195312 24.268177032470703125 24.213312149047851562 24.557735443115234375 24.396192550659179688 24.249887466430664062 24.155399322509765625 24.030431747436523438 23.942041397094726562 24.16454315185546875 23.76220703125 23.756113052368164062 23.710391998291015625 23.628095626831054688 23.524463653564453125 23.506175994873046875 23.500080108642578125 23.487886428833007812
25.3837432861328125 25.490423202514648438 25.493471145629882812 25.502614974975585938 25.606248855590820312 25.667207717895507812 25.706830978393554688 25.578815460205078125 25.283159255981445312 25.048463821411132812 24.880823135375976562 24.52420806884765625 23.935943603515625 23.594568252563476562 24.240743637084960938 25.511758804321289062 26.026872634887695312 25.645872116088867188 25.103328704833984375 25.042369842529296875 25.069799423217773438 25.091135025024414062 24.700992584228515625 24.51201629638671875 24.521158218383789062 24.874727249145507812 24.694894790649414062 24.478487014770507812 24.402286529541015625 24.53639984130859375 24.298656463623046875 24.14015960693359375 23.92984771728515625 23.91765594482421875 23.890222549438476562 23.829263687133789062 23.853649139404296875 23.789640426635742188 23.64638519287109375 23.573230743408203125
25.386793136596679688 25.487377166748046875 25.5452880859375 25.548336029052734375 25.53919219970703125 25.615392684936523438 25.776935577392578125 25.825704574584960938 25.667207717895507812 25.411176681518554688 25.237440109252929688 24.96921539306640625 24.527256011962890625 24.478487014770507812 24.801576614379882812 26.3255767822265625 26.154888153076171875 25.789127349853515625 25.356311798095703125 25.331928253173828125 25.40203094482421875 25.398984909057617188 24.7528076171875 24.743663787841796875 24.792430877685546875 25.057607650756835938 25.027128219604492188 24.978359222412109375 24.78328704833984375 24.844247817993164062 24.670513153076171875 24.33827972412109375 24.134063720703125 24.118824005126953125 24.10358428955078125 24.1462554931640625 24.1218719482421875 24.01824188232421875 23.829263687133789062 23.728679656982421875
25.591007232666015625 25.752552032470703125 25.98419952392578125 25.926286697387695312 25.8805694580078125 25.85923004150390625 25.95981597900390625 26.261569976806640625 26.212799072265625 25.9293365478515625 25.664159774780273438 25.560527801513671875 25.1490478515625 25.420320510864257812 25.843992233276367188 26.481023788452148438 26.1762237548828125 25.895807266235351562 25.709878921508789062 25.673305511474609375 25.703784942626953125 25.313640594482421875 25.069799423217773438 25.060655593872070312 25.283159255981445312 25.575769424438476562 25.46604156494140625 25.350215911865234375 25.200864791870117188 25.10637664794921875 24.95702362060546875 24.774143218994140625 24.515064239501953125 24.435815811157226562 24.396192550659179688 24.5546875 24.502872467041015625 24.283414840698242188 24.112728118896484375 24.213312149047851562
26.279855728149414062 26.304241180419921875 26.298143386840820312 26.295095443725585938 26.292049407958984375 26.36824798583984375 26.40482330322265625 26.438350677490234375 26.490169525146484375 26.252422332763671875 26.121358871459960938 26.093927383422851562 26.087831497192382812 26.173177719116210938 26.624279022216796875 26.41701507568359375 26.17012786865234375 26.039064407348632812 25.981151580810546875 25.9537200927734375 25.71292877197265625 25.258777618408203125 25.277063369750976562 25.469087600708007812 25.795223236083984375 25.932384490966796875 25.734264373779296875 25.51480865478515625 25.325830459594726562 25.213056564331054688 25.121616363525390625 24.926544189453125 24.761951446533203125 24.658321380615234375 24.60955047607421875 24.7406158447265625 24.615648269653320312 24.4937286376953125 24.399240493774414062 24.33827972412109375
26.34386444091796875 26.438350677490234375 26.34386444091796875 26.380441665649414062 26.340814590454101562 26.407871246337890625 26.420064926147460938 26.496263504028320312 26.453592300415039062 26.273759841918945312 26.221942901611328125 26.243280410766601562 26.313385009765625 26.407871246337890625 26.487119674682617188 26.514551162719726562 26.41701507568359375 26.252422332763671875 26.240230560302734375 26.240230560302734375 25.636728286743164062 25.621486663818359375 25.688543319702148438 25.76169586181640625 25.993343353271484375 26.008584976196289062 25.850088119506835938 25.639776229858398438 25.481279373168945312 25.420320510864257812 25.295351028442382812 25.100278854370117188 25.0118865966796875 24.960071563720703125 24.93264007568359375 24.929592132568359375 24.743663787841796875 24.633935928344726562 24.697942733764648438 24.545543670654296875
26.60294342041015625 26.493215560913085938 26.538936614990234375 26.61513519287109375 26.477977752685546875 26.566370010375976562 26.526742935180664062 26.465784072875976562 26.40482330322265625 26.288999557495117188 26.255472183227539062 26.258520126342773438 26.279855728149414062 26.316431045532226562 26.179271697998046875 26.1762237548828125 26.240230560302734375 26.221942901611328125 26.252422332763671875 26.054304122924804688 25.816558837890625 25.85923004150390625 25.920192718505859375 25.999441146850585938 26.090879440307617188 26.072591781616210938 25.917142868041992188 25.71292877197265625 25.569671630859375 25.578815460205078125 25.438608169555664062 25.374599456787109375 25.264871597290039062 25.210008621215820312 25.182577133178710938 25.103328704833984375 25.243535995483398438 25.350215911865234375 25.042369842529296875 24.676607131958007812
27.060144424438476562 26.947368621826171875 26.895551681518554688 26.816305160522460938 26.688287734985351562 26.575511932373046875 26.514551162719726562 26.426158905029296875 26.3743438720703125 26.33167266845703125 26.33167266845703125 26.380441665649414062 26.313385009765625 26.3987274169921875 26.3255767822265625 26.276807785034179688 26.130504608154296875 26.292049407958984375 26.228040695190429688 26.14574432373046875 26.154888153076171875 26.14574432373046875 26.1396484375 26.112215042114257812 26.081735610961914062 26.054304122924804688 25.962863922119140625 25.74950408935546875 25.639776229858398438 25.648920059204101562 25.621486663818359375 25.575769424438476562 25.520904541015625 25.441656112670898438 25.164287567138671875 25.088087081909179688 25.22829437255859375 25.213056564331054688 25.051513671875 24.847295761108398438
27.197305679321289062 27.029664993286132812 27.008327484130859375 26.886407852172851562 26.749248504638671875 26.657808303833007812 26.57855987548828125 26.371295928955078125 26.322528839111328125 26.039064407348632812 26.246328353881835938 26.365200042724609375 26.319478988647460938 26.319478988647460938 26.456640243530273438 26.3377685546875 26.069543838500976562 26.353008270263671875 26.346912384033203125 26.285951614379882812 26.276807785034179688 26.237184524536132812 26.179271697998046875 26.014678955078125 26.103071212768554688 26.029920578002929688 25.901905059814453125 25.807415008544921875 25.719022750854492188 25.667207717895507812 25.591007232666015625 25.520904541015625 25.469087600708007812 25.295351028442382812 25.222200393676757812 25.1368560791015625 25.121616363525390625 25.017984390258789062 24.89606475830078125 24.822912216186523438
27.41980743408203125 27.14853668212890625 27.151584625244140625 27.285694122314453125 27.300935745239257812 27.03575897216796875 26.71572113037109375 26.459688186645507812 26.651712417602539062 26.883359909057617188 27.020521163940429688 26.816305160522460938 26.697431564331054688 26.737056732177734375 26.679143905639648438 26.605991363525390625 26.441400527954101562 26.420064926147460938 26.380441665649414062 26.426158905029296875 25.968959808349609375 26.353008270263671875 26.237184524536132812 26.017728805541992188 26.136600494384765625 26.09697723388671875 25.965911865234375 25.901905059814453125 25.71292877197265625 25.73731231689453125 25.441656112670898438 25.5818634033203125 25.505664825439453125 25.441656112670898438 25.3593597412109375 25.246583938598632812 25.139905929565429688 25.069799423217773438 24.990550994873046875 24.883871078491210938
28.306776046752929688 27.669744491577148438 27.203399658203125 27.456384658813476562 27.492959976196289062 27.230831146240234375 26.90164947509765625 26.80106353759765625 26.980894088745117188 27.105863571166992188 27.175968170166015625 27.16072845458984375 26.895551681518554688 26.874216079711914062 26.880311965942382812 26.846784591674804688 26.8193511962890625 26.855928421020507812 26.694383621215820312 26.618185043334960938 26.596849441528320312 26.59075164794921875 26.599895477294921875 26.468830108642578125 26.413969039916992188 26.249376296997070312 26.060400009155273438 25.89885711669921875 25.71292877197265625 25.627584457397460938 25.51480865478515625 25.615392684936523438 25.511758804321289062 25.307542800903320312 25.49652099609375 25.347169876098632812 25.252679824829101562 25.182577133178710938 25.091135025024414062 24.953977584838867188
28.486608505249023438 28.507944107055664062 27.736799240112304688 27.547822952270507812 27.59354400634765625 27.355800628662109375 27.1180572509765625 27.188159942626953125 27.39542388916015625 27.496007919311523438 27.279600143432617188 27.063192367553710938 27.032712936401367188 27.075384140014648438 27.115007400512695312 27.09976959228515625 27.1424407958984375 27.17292022705078125 26.895551681518554688 26.810207366943359375 27.081480026245117188 27.124151229858398438 27.096719741821289062 26.721815109252929688 26.581607818603515625 26.35605621337890625 26.240230560302734375 25.9537200927734375 25.764743804931640625 25.810464859008789062 25.670255661010742188 25.700735092163085938 25.639776229858398438 25.5818634033203125 25.72512054443359375 25.493471145629882812 25.447751998901367188 25.270969390869140625 25.182577133178710938 25.088087081909179688
28.523183822631835938 28.459177017211914062 28.093416213989257812 27.858720779418945312 27.8099517822265625 27.560014724731445312 27.3649444580078125 27.782520294189453125 27.672792434692382812 27.508199691772460938 27.37104034423828125 27.224735260009765625 27.17292022705078125 27.20949554443359375 27.24607086181640625 27.270456314086914062 27.39542388916015625 27.279600143432617188 27.105863571166992188 27.002231597900390625 27.157678604125976562 27.404569625854492188 27.243022918701171875 26.947368621826171875 26.734006881713867188 26.54198455810546875 26.389585494995117188 26.2006072998046875 25.840944290161132812 25.7555999755859375 25.679399490356445312 25.65196990966796875 25.563577651977539062 25.511758804321289062 25.441656112670898438 25.484327316284179688 25.493471145629882812 25.438608169555664062 25.206958770751953125 25.1856231689453125
28.593286514282226562 28.468320846557617188 28.24886322021484375 28.15132904052734375 28.023313522338867188 27.956256866455078125 27.806905746459960938 27.877008438110351562 27.870912551879882812 28.072078704833984375 27.819095611572265625 27.413713455200195312 27.41980743408203125 27.508199691772460938 27.505151748657226562 27.541728973388671875 27.471622467041015625 27.39542388916015625 27.337512969970703125 27.331415176391601562 27.319223403930664062 27.422857284545898438 27.526487350463867188 27.224735260009765625 26.929079055786132812 26.767536163330078125 26.624279022216796875 26.511505126953125 25.865327835083007812 25.700735092163085938 25.624536514282226562 25.566623687744140625 25.478231430053710938 25.420320510864257812 25.3837432861328125 25.432512283325195312 25.481279373168945312 25.368505477905273438 25.255727767944335938 25.16733551025390625
