data/norristown_5m.asc
ncols        208
nrows        223
xllcorner    470406.491399999999
yllcorner    4439304.785899999551
dx           4.998985576923
dy           5.010468609869
[rows 180 to 197 of 223, columns 160 to 199 of 208]
23.466550827026367188 23.32329559326171875 23.332441329956054688 23.3050079345703125 23.493984222412109375 24.731472015380859375 25.776935577392578125 25.935430526733398438 24.996648788452148438 25.115520477294921875 25.130758285522460938 24.996648788452148438 25.158191680908203125 25.219150543212890625 25.173431396484375 24.993600845336914062 24.9387359619140625 25.42641448974609375 25.29230499267578125 25.030176162719726562 25.1490478515625 25.258777618408203125 25.389841079711914062 25.261823654174804688 25.219150543212890625 25.472135543823242188 25.639776229858398438 25.883615493774414062 26.142694473266601562 25.908000946044921875 26.04515838623046875 26.042112350463867188 25.752552032470703125 25.981151580810546875 26.069543838500976562 25.862279891967773438 25.831800460815429688 25.871423721313476562 25.904951095581054688 25.947622299194335938
23.5518951416015625 23.50922393798828125 23.469600677490234375 23.64638519287109375 24.490678787231445312 25.219150543212890625 25.481279373168945312 25.469087600708007812 25.499568939208984375 25.499568939208984375 25.283159255981445312 25.264871597290039062 25.408128738403320312 25.530048370361328125 25.566623687744140625 25.408128738403320312 25.210008621215820312 25.362407684326171875 25.356311798095703125 25.286207199096679688 25.429464340209960938 25.569671630859375 25.664159774780273438 25.435558319091796875 25.304494857788085938 25.591007232666015625 25.92324066162109375 26.069543838500976562 26.08478546142578125 26.154888153076171875 26.298143386840820312 26.069543838500976562 26.054304122924804688 26.273759841918945312 26.423112869262695312 26.40482330322265625 26.349958419799804688 26.35605621337890625 26.35605621337890625 26.413969039916992188
23.856695175170898438 24.01824188232421875 24.390094757080078125 25.1368560791015625 25.124664306640625 25.15514373779296875 25.563577651977539062 25.615392684936523438 25.69464111328125 25.822656631469726562 25.74950408935546875 25.505664825439453125 25.636728286743164062 25.767791748046875 25.813512802124023438 25.72512054443359375 25.566623687744140625 25.5574798583984375 25.709878921508789062 25.584913253784179688 25.6824493408203125 25.789127349853515625 25.76169586181640625 25.51480865478515625 25.523950576782226562 25.917142868041992188 26.115264892578125 26.377391815185546875 26.234136581420898438 26.453592300415039062 26.679143905639648438 26.4993133544921875 26.487119674682617188 26.474927902221679688 26.420064926147460938 26.423112869262695312 26.6334228515625 26.91384124755859375 26.990041732788085938 27.054048538208007812
24.527256011962890625 24.603456497192382812 24.996648788452148438 25.225248336791992188 25.331928253173828125 25.530048370361328125 25.743408203125 25.795223236083984375 25.877519607543945312 25.968959808349609375 26.039064407348632812 26.032968521118164062 25.944576263427734375 26.051256179809570312 26.106121063232421875 26.008584976196289062 25.831800460815429688 26.029920578002929688 26.115264892578125 26.014678955078125 26.371295928955078125 26.197559356689453125 25.89885711669921875 25.950672149658203125 25.783031463623046875 26.10916900634765625 26.889455795288085938 26.880311965942382812 26.77667999267578125 26.709623336791992188 26.91384124755859375 26.874216079711914062 26.822399139404296875 26.413969039916992188 26.4474945068359375 26.83154296875 26.843736648559570312 27.17901611328125 27.3161773681640625 27.361894607543945312
25.051513671875 25.325830459594726562 25.42641448974609375 25.709878921508789062 25.658063888549804688 25.636728286743164062 25.840944290161132812 25.965911865234375 26.09697723388671875 26.1396484375 26.14574432373046875 26.1396484375 26.14574432373046875 26.304241180419921875 26.508457183837890625 26.444448471069335938 26.237184524536132812 26.28290557861328125 26.237184524536132812 26.173177719116210938 26.926031112670898438 26.983943939208984375 26.947368621826171875 26.93212890625 26.877264022827148438 26.941272735595703125 27.03575897216796875 27.075384140014648438 26.9443206787109375 27.063192367553710938 27.261312484741210938 27.18511199951171875 26.959558486938476562 27.367992401123046875 27.081480026245117188 27.303983688354492188 27.39542388916015625 27.633169174194335938 27.79166412353515625 27.66669464111328125
25.453847885131835938 25.52700042724609375 25.621486663818359375 25.956769943237304688 26.15793609619140625 25.862279891967773438 25.944576263427734375 26.173177719116210938 26.438350677490234375 26.61513519287109375 26.36824798583984375 26.401777267456054688 26.435304641723632812 26.481023788452148438 26.950414657592773438 26.703527450561523438 26.514551162719726562 26.526742935180664062 26.721815109252929688 26.651712417602539062 27.188159942626953125 27.325321197509765625 27.261312484741210938 27.206449508666992188 27.206449508666992188 27.2643585205078125 27.227785110473632812 27.24607086181640625 27.236928939819335938 27.3893280029296875 27.486864089965820312 27.633169174194335938 27.755086898803710938 27.639263153076171875 27.541728973388671875 27.608783721923828125 27.602687835693359375 27.992830276489257812 28.065984725952148438 28.059886932373046875
25.5087127685546875 25.627584457397460938 25.722072601318359375 26.060400009155273438 26.1274566650390625 25.97200775146484375 26.005535125732421875 26.179271697998046875 26.38653564453125 26.660856246948242188 26.493215560913085938 26.523694992065429688 26.557222366333007812 26.596849441528320312 26.996135711669921875 26.785823822021484375 26.612087249755859375 27.07843017578125 27.151584625244140625 27.151584625244140625 27.4380950927734375 27.483816146850585938 27.529535293579101562 27.43199920654296875 27.4380950927734375 27.502105712890625 27.57525634765625 27.5874481201171875 27.861768722534179688 27.67888641357421875 27.651456832885742188 28.172664642333984375 28.005023956298828125 27.745943069458007812 27.861768722534179688 27.8099517822265625 27.84043121337890625 28.194000244140625 28.291536331176757812 28.282392501831054688
25.69464111328125 25.98419952392578125 25.97200775146484375 26.020776748657226562 26.087831497192382812 26.081735610961914062 26.072591781616210938 26.206705093383789062 26.401777267456054688 26.612087249755859375 26.6456146240234375 26.673048019409179688 26.700479507446289062 26.779727935791015625 27.026615142822265625 26.880311965942382812 26.843736648559570312 27.041856765747070312 27.2155914306640625 27.422857284545898438 27.535631179809570312 27.578304290771484375 27.645359039306640625 27.657550811767578125 27.654504776000976562 27.71851348876953125 27.767278671264648438 27.825191497802734375 28.21228790283203125 27.937969207763671875 27.983686447143554688 28.261056900024414062 28.16352081298828125 28.023313522338867188 27.956256866455078125 27.971494674682617188 28.42259979248046875 28.581094741821289062 28.639007568359375 28.718255996704101562
25.609294891357421875 25.73731231689453125 25.868377685546875 25.965911865234375 26.051256179809570312 26.1396484375 26.1396484375 26.249376296997070312 26.435304641723632812 26.627328872680664062 26.8193511962890625 26.889455795288085938 26.971752166748046875 27.044904708862304688 27.029664993286132812 26.971752166748046875 26.971752166748046875 27.1302490234375 27.303983688354492188 27.538679122924804688 27.657550811767578125 27.733751296997070312 27.742895126342773438 27.800807952880859375 27.828241348266601562 27.886152267456054688 27.944063186645507812 28.014169692993164062 28.157423019409179688 28.242769241333007812 28.239721298217773438 28.334207534790039062 28.337255477905273438 28.340305328369140625 28.29763031005859375 28.312871932983398438 28.699968338012695312 28.757879257202148438 28.7761688232421875 28.785312652587890625
25.703784942626953125 25.770841598510742188 25.892759323120117188 26.0024871826171875 26.039064407348632812 26.121358871459960938 26.197559356689453125 26.322528839111328125 26.41701507568359375 26.569416046142578125 26.6212310791015625 26.773630142211914062 27.023569107055664062 27.218641281127929688 27.008327484130859375 27.005279541015625 27.115007400512695312 27.218641281127929688 27.428951263427734375 27.54477691650390625 27.776422500610351562 27.819095611572265625 27.867864608764648438 27.962350845336914062 28.047695159912109375 28.072078704833984375 28.160470962524414062 28.227527618408203125 28.364686965942382812 28.486608505249023438 28.532327651977539062 28.562807083129882812 28.660343170166015625 28.791408538818359375 28.8249359130859375 28.712158203125 28.8249359130859375 28.98038482666015625 28.989528656005859375 28.952951431274414062
25.816558837890625 25.850088119506835938 26.014678955078125 26.1518402099609375 26.249376296997070312 26.264616012573242188 26.340814590454101562 26.413969039916992188 26.450544357299804688 26.581607818603515625 26.663904190063476562 26.767536163330078125 26.846784591674804688 26.953464508056640625 26.9930877685546875 27.093671798706054688 27.17901611328125 27.307031631469726562 27.465528488159179688 27.550870895385742188 27.767278671264648438 28.157423019409179688 27.995880126953125 28.136087417602539062 28.346399307250976562 28.355543136596679688 28.370784759521484375 28.370784759521484375 28.492704391479492188 28.520135879516601562 28.599384307861328125 28.639007568359375 28.757879257202148438 28.888942718505859375 28.983430862426757812 29.04134368896484375 28.885894775390625 28.989528656005859375 29.102304458618164062 29.090112686157226562
25.987249374389648438 26.026872634887695312 26.142694473266601562 26.276807785034179688 26.371295928955078125 26.36824798583984375 26.438350677490234375 26.545030593872070312 26.557222366333007812 26.691335678100585938 26.773630142211914062 26.86202239990234375 26.947368621826171875 26.950414657592773438 27.1180572509765625 27.249120712280273438 27.300935745239257812 27.3893280029296875 27.505151748657226562 27.66669464111328125 27.706319808959960938 27.858720779418945312 27.971494674682617188 28.062936782836914062 28.15132904052734375 28.233623504638671875 28.3799285888671875 28.431743621826171875 28.53537750244140625 28.5780487060546875 28.639007568359375 28.727399826049804688 28.81884002685546875 28.901136398315429688 28.98038482666015625 29.230319976806640625 29.138879776000976562 29.032199859619140625 29.172407150268554688 29.202886581420898438
26.456640243530273438 26.3987274169921875 26.755344390869140625 26.935176849365234375 27.273504257202148438 27.020521163940429688 26.837640762329101562 26.8193511962890625 26.922985076904296875 26.935176849365234375 26.97480010986328125 27.054048538208007812 27.093671798706054688 27.032712936401367188 27.267408370971679688 27.410663604736328125 27.477720260620117188 27.496007919311523438 27.569158554077148438 27.8099517822265625 27.858720779418945312 27.96540069580078125 28.075128555297851562 28.16352081298828125 28.279344558715820312 28.300680160522460938 28.443935394287109375 28.504894256591796875 28.571950912475585938 28.629863739013671875 28.687776565551757812 28.791408538818359375 28.85541534423828125 28.916376113891601562 28.983430862426757812 29.044391632080078125 29.090112686157226562 29.108400344848632812 29.22727203369140625 29.318712234497070312
26.78887176513671875 26.6334228515625 27.054048538208007812 27.14853668212890625 27.383230209350585938 27.422857284545898438 27.33446502685546875 27.3649444580078125 27.188159942626953125 27.108913421630859375 27.413713455200195312 27.435049057006835938 27.508199691772460938 27.553920745849609375 27.614879608154296875 27.59354400634765625 27.697175979614257812 27.79166412353515625 27.870912551879882812 28.154376983642578125 28.401264190673828125 28.166568756103515625 28.178758621215820312 28.276294708251953125 28.416505813598632812 28.36164093017578125 28.62071990966796875 28.709112167358398438 28.76397705078125 28.693872451782226562 28.83103179931640625 28.922472000122070312 29.016958236694335938 29.00476837158203125 29.02915191650390625 29.141927719116210938 29.187648773193359375 29.202886581420898438 29.2699432373046875 29.333951950073242188
26.892505645751953125 26.798015594482421875 27.3161773681640625 27.508199691772460938 27.733751296997070312 27.633169174194335938 27.566112518310546875 27.684984207153320312 27.663648605346679688 27.456384658813476562 27.85262298583984375 27.755086898803710938 27.816049575805664062 27.855670928955078125 27.937969207763671875 27.992830276489257812 28.1330413818359375 28.49575042724609375 28.730447769165039062 29.397958755493164062 29.099256515502929688 28.635959625244140625 29.294328689575195312 29.522928237915039062 29.343095779418945312 28.99257659912109375 28.84322357177734375 28.977334976196289062 28.852369308471679688 28.986478805541992188 28.96819305419921875 29.056585311889648438 29.148023605346679688 29.233369827270507812 29.148023605346679688 29.263849258422851562 29.315664291381835938 29.355287551879882812 29.416248321533203125 29.492448806762695312
27.252168655395507812 27.108913421630859375 27.694128036499023438 27.663648605346679688 28.005023956298828125 28.056840896606445312 27.98978424072265625 28.166568756103515625 28.239721298217773438 28.334207534790039062 28.306776046752929688 28.227527618408203125 28.29763031005859375 28.306776046752929688 28.401264190673828125 28.510992050170898438 28.703016281127929688 29.42539215087890625 29.596078872680664062 29.7149505615234375 29.7149505615234375 29.336999893188476562 29.885641098022460938 29.864305496215820312 29.964887619018554688 30.156911849975585938 30.16910552978515625 29.925264358520507812 30.275785446166992188 30.205678939819335938 30.269687652587890625 30.437328338623046875 30.66287994384765625 30.708599090576171875 30.583631515502929688 29.788105010986328125 30.050230026245117188 29.465015411376953125 29.733240127563476562 29.626558303833007812
27.681936264038085938 27.66669464111328125 28.014169692993164062 27.892248153686523438 28.108655929565429688 28.288486480712890625 28.233623504638671875 28.581094741821289062 28.60852813720703125 28.492704391479492188 28.416505813598632812 28.477464675903320312 28.54756927490234375 28.6268157958984375 28.852369308471679688 29.016958236694335938 29.007816314697265625 29.721048355102539062 29.90087890625 29.897830963134765625 29.940504074096679688 29.8155364990234375 30.03194427490234375 29.98317718505859375 30.181295394897460938 30.373319625854492188 30.3855133056640625 30.379415512084960938 30.3855133056640625 30.492193222045898438 30.537912368774414062 30.821376800537109375 31.421831130981445312 31.525465011596679688 31.754064559936523438 31.6839599609375 31.799783706665039062 31.309057235717773438 30.44037628173828125 30.172151565551757812
28.209241867065429688 28.2183837890625 28.276294708251953125 28.3799285888671875 28.514039993286132812 28.581094741821289062 28.492704391479492188 28.730447769165039062 28.699968338012695312 28.733495712280273438 28.7517852783203125 28.81884002685546875 28.937713623046875 28.937713623046875 29.068777084350585938 29.151071548461914062 29.1967926025390625 29.99536895751953125 30.339792251586914062 30.156911849975585938 30.132528305053710938 30.175199508666992188 30.184343338012695312 30.196535110473632812 30.48914337158203125 30.641544342041015625 30.574487686157226562 30.562295913696289062 30.553152084350585938 30.693359375 30.803087234497070312 31.290769577026367188 32.034481048583984375 32.046672821044921875 31.918657302856445312 31.991807937622070312 31.946086883544921875 31.540704727172851562 30.778705596923828125 30.851856231689453125
