data/norristown_10m_new.asc
ncols        104
nrows        112
xllcorner    470406.491399999999
yllcorner    4439304.785899999551
dx           9.997971153846
dy           9.976200892864
[rows 72 to 89 of 112, columns 40 to 79 of 104]
21.936456680297851562 21.598127365112304688 21.418294906616210938 21.351240158081054688 21.058629989624023438 20.732494354248046875 20.54656982421875 20.46427154541015625 20.528280258178710938 20.516086578369140625 20.610576629638671875 20.863559722900390625 20.845272064208984375 20.485607147216796875 20.796504974365234375 20.619720458984375 21.29332733154296875 21.262847900390625 21.573743820190429688 21.180551528930664062 20.564855575561523438 19.723608016967773438 19.348703384399414062 19.315176010131835938 19.22678375244140625 19.129247665405273438 19.150585174560546875 19.138391494750976562 19.287744522094726562 19.440143585205078125 20.665441513061523438 20.76297760009765625 20.79345703125 20.71115875244140625 21.23846435546875 21.107400894165039062 20.89708709716796875 20.394168853759765625 19.321271896362304688 19.01647186279296875
21.689569473266601562 21.396959304809570312 21.375623703002929688 21.217128753662109375 21.262847900390625 20.90927886962890625 20.951951980590820312 20.65019989013671875 20.528280258178710938 20.488656997680664062 20.3606414794921875 20.342351913452148438 20.695920944213867188 21.107400894165039062 20.8787994384765625 21.278087615966796875 20.951951980590820312 20.88489532470703125 20.84832000732421875 20.866607666015625 20.583143234252929688 20.942808151245117188 20.208240509033203125 19.626071929931640625 19.632169723510742188 19.354799270629882812 19.357847213745117188 19.452335357666015625 19.02866363525390625 18.9981842041015625 19.05304718017578125 20.372831344604492188 21.464015960693359375 21.445728302001953125 21.384769439697265625 21.805393218994140625 21.582887649536132812 21.015958786010742188 18.955511093139648438 19.763231277465820312
21.357336044311523438 21.25675201416015625 21.509735107421875 21.396959304809570312 20.915376663208007812 20.976335525512695312 21.101305007934570312 20.732494354248046875 20.66239166259765625 20.522184371948242188 20.272249221801757812 20.314920425415039062 20.24786376953125 20.147279739379882812 20.705064773559570312 21.07082366943359375 21.028150558471679688 20.6806793212890625 20.994623184204101562 21.128736495971679688 20.741640090942382812 20.644105911254882812 20.6562957763671875 20.089368820190429688 19.744943618774414062 19.470624923706054688 19.510248184204101562 19.449289321899414062 19.330415725708007812 19.217639923095703125 19.23897552490234375 19.629119873046875 20.052791595458984375 20.869655609130859375 21.689569473266601562 21.592031478881835938 21.750528335571289062 20.528280258178710938 18.839689254760742188 19.903440475463867188
21.128736495971679688 21.140928268432617188 21.198841094970703125 21.259799957275390625 20.967191696166992188 21.26894378662109375 21.104351043701171875 20.921472549438476562 20.747735977172851562 20.772119522094726562 20.3606414794921875 20.973287582397460938 20.644105911254882812 20.214336395263671875 20.071079254150390625 20.055841445922851562 20.491704940795898438 20.659343719482421875 20.814792633056640625 21.092159271240234375 20.689823150634765625 20.27834320068359375 19.77237701416015625 19.59864044189453125 18.63242340087890625 21.445728302001953125 20.71115875244140625 20.799551010131835938 20.4094085693359375 19.360897064208984375 19.534631729125976562 20.150327682495117188 20.342351913452148438 20.564855575561523438 21.71395111083984375 21.735286712646484375 21.7444305419921875 21.723094940185546875 20.421600341796875 20.04364776611328125
21.2994232177734375 21.23236846923828125 21.168359756469726562 21.116542816162109375 21.015958786010742188 21.387815475463867188 21.229320526123046875 21.037294387817382812 20.90927886962890625 21.460969924926757812 21.625558853149414062 21.45487213134765625 20.964143753051757812 20.610576629638671875 20.311872482299804688 20.101558685302734375 19.860769271850585938 20.01926422119140625 19.812000274658203125 19.985736846923828125 20.04364776611328125 20.016216278076171875 19.8394317626953125 17.461992263793945312 20.833080291748046875 20.997671127319335938 20.863559722900390625 21.223222732543945312 21.396959304809570312 21.40610504150390625 20.781263351440429688 21.174455642700195312 21.625558853149414062 21.820631027221679688 21.738336563110351562 21.893785476684570312 21.689569473266601562 21.686519622802734375 21.707857131958007812 21.747480392456054688
21.604223251342773438 21.518878936767578125 21.34209442138671875 21.137880325317382812 20.985479354858398438 21.110448837280273438 21.19579315185546875 21.217128753662109375 21.064727783203125 21.244558334350585938 21.464015960693359375 21.54021453857421875 21.244558334350585938 20.94890594482421875 20.604478836059570312 20.497800827026367188 20.263105392456054688 20.089368820190429688 19.775423049926757812 19.671792984008789062 19.656551361083984375 19.552921295166015625 19.973543167114257812 19.034759521484375 21.302471160888671875 21.006814956665039062 21.0037689208984375 21.305521011352539062 21.476207733154296875 21.387815475463867188 22.018751144409179688 22.19858551025390625 22.372320175170898438 21.7962493896484375 21.781007766723632812 21.656040191650390625 21.674327850341796875 21.659088134765625 21.704807281494140625 21.707857131958007812
21.902927398681640625 21.82672882080078125 21.716999053955078125 21.646894454956054688 21.503641128540039062 21.400007247924804688 21.323808670043945312 21.381719589233398438 21.384769439697265625 21.512784957885742188 21.680423736572265625 21.823678970336914062 21.585935592651367188 21.259799957275390625 20.9793853759765625 20.915376663208007812 20.784313201904296875 20.513040542602539062 20.180807113647460938 20.086320877075195312 19.693128585815429688 19.534631729125976562 19.528535842895507812 19.683984756469726562 19.751041412353515625 20.79345703125 21.150072097778320312 21.482305526733398438 21.70175933837890625 21.738336563110351562 21.918169021606445312 22.180294036865234375 22.536912918090820312 23.3050079345703125 21.716999053955078125 21.784055709838867188 21.674327850341796875 21.66518402099609375 21.6956634521484375 21.720048904418945312
21.893785476684570312 22.091905593872070312 22.107143402099609375 21.890735626220703125 21.808441162109375 21.6834716796875 21.720048904418945312 21.616415023803710938 21.549358367919921875 21.582887649536132812 21.668230056762695312 21.963888168334960938 21.896831512451171875 21.506687164306640625 21.345144271850585938 21.278087615966796875 21.180551528930664062 20.839176177978515625 20.503894805908203125 20.558759689331054688 20.4337921142578125 19.842479705810546875 20.772119522094726562 19.796758651733398438 19.793712615966796875 19.994878768920898438 20.052791595458984375 21.211030960083007812 21.89987945556640625 22.34488677978515625 22.28392791748046875 22.399751663208007812 23.024591445922851562 23.301959991455078125 22.585680007934570312 21.689569473266601562 21.91207122802734375 21.89987945556640625 21.674327850341796875 21.680423736572265625
22.22296905517578125 22.033992767333984375 22.094951629638671875 22.09799957275390625 22.061422348022460938 22.018751144409179688 21.97303009033203125 21.939504623413085938 21.857208251953125 21.817584991455078125 21.451822280883789062 22.0797119140625 22.018751144409179688 21.848064422607421875 21.799295425415039062 21.732240676879882812 21.598127365112304688 21.147022247314453125 21.03424835205078125 21.174455642700195312 21.110448837280273438 21.348192214965820312 21.189695358276367188 21.104351043701171875 21.08301544189453125 20.153377532958984375 20.211286544799804688 20.37892913818359375 20.516086578369140625 20.817840576171875 22.826471328735351562 22.951440811157226562 23.198328018188476562 23.27452850341796875 23.4787445068359375 21.787105560302734375 21.909023284912109375 21.909023284912109375 22.030942916870117188 22.009607315063476562
22.21077728271484375 22.213823318481445312 22.247350692749023438 22.125431060791015625 22.125431060791015625 22.162008285522460938 22.22296905517578125 22.192487716674804688 22.125431060791015625 22.061422348022460938 21.948648452758789062 22.040086746215820312 22.113241195678710938 22.104095458984375 22.02484893798828125 21.884641647338867188 21.698713302612304688 21.546312332153320312 21.72614288330078125 21.845014572143554688 21.66518402099609375 21.418294906616210938 21.403057098388671875 21.354288101196289062 21.329904556274414062 21.339048385620117188 21.460969924926757812 21.29332733154296875 20.641056060791015625 20.799551010131835938 20.894041061401367188 21.153120040893554688 23.140415191650390625 23.554943084716796875 23.314151763916015625 21.991319656372070312 22.0431365966796875 22.082759857177734375 22.082759857177734375 21.997415542602539062
22.238206863403320312 22.299169540405273438 22.305263519287109375 22.384511947631835938 22.354030609130859375 22.347936630249023438 22.393655776977539062 22.472904205322265625 22.357080459594726562 22.268688201904296875 22.171152114868164062 21.963888168334960938 21.966936111450195312 22.244304656982421875 22.033992767333984375 22.149814605712890625 21.893785476684570312 21.747480392456054688 21.823678970336914062 22.030942916870117188 21.6834716796875 21.604223251342773438 21.659088134765625 21.65299224853515625 21.784055709838867188 21.756622314453125 21.616415023803710938 21.628606796264648438 21.777959823608398438 21.814535140991210938 21.20798492431640625 21.1775054931640625 21.28113555908203125 21.451822280883789062 21.854158401489257812 21.979127883911132812 21.991319656372070312 22.003513336181640625 22.003513336181640625 21.988271713256835938
23.207471847534179688 22.46985626220703125 22.418041229248046875 22.421087265014648438 22.51862335205078125 22.472904205322265625 22.299169540405273438 22.357080459594726562 22.34488677978515625 22.387559890747070312 22.219921112060546875 22.293071746826171875 22.329648971557617188 22.320505142211914062 22.280879974365234375 22.238206863403320312 22.335742950439453125 22.094951629638671875 22.058376312255859375 22.009607315063476562 21.976079940795898438 21.936456680297851562 21.918169021606445312 21.91207122802734375 22.064472198486328125 21.814535140991210938 21.924264907836914062 21.787105560302734375 21.890735626220703125 21.790151596069335938 21.802343368530273438 21.91207122802734375 21.470111846923828125 21.4243927001953125 21.509735107421875 21.598127365112304688 21.741384506225585938 21.97303009033203125 22.119335174560546875 22.030942916870117188
23.125177383422851562 22.774656295776367188 22.491191864013671875 22.369272232055664062 22.533864974975585938 22.500335693359375 22.402799606323242188 22.244304656982421875 22.387559890747070312 22.381464004516601562 22.238206863403320312 22.418041229248046875 22.195535659790039062 22.28392791748046875 22.119335174560546875 22.195535659790039062 22.137622833251953125 22.137622833251953125 22.01265716552734375 22.055328369140625 22.12847900390625 22.15895843505859375 22.21077728271484375 22.238206863403320312 22.192487716674804688 22.174200057983398438 22.183343887329101562 21.997415542602539062 22.119335174560546875 21.915121078491210938 21.884641647338867188 21.918169021606445312 21.689569473266601562 21.7444305419921875 21.723094940185546875 21.659088134765625 21.85111236572265625 21.9425506591796875 22.058376312255859375 22.168104171752929688
23.128223419189453125 22.607015609741210938 22.3144073486328125 22.235158920288085938 22.421087265014648438 22.588727951049804688 22.62530517578125 22.579584121704101562 22.363176345825195312 22.286977767944335938 22.27173614501953125 22.384511947631835938 22.436328887939453125 22.244304656982421875 22.311359405517578125 22.357080459594726562 22.32659912109375 22.25954437255859375 22.168104171752929688 22.107143402099609375 22.046184539794921875 22.02484893798828125 22.174200057983398438 22.308313369750976562 22.143720626831054688 22.049230575561523438 21.884641647338867188 22.018751144409179688 22.107143402099609375 22.186391830444335938 22.238206863403320312 22.2656402587890625 22.244304656982421875 22.171152114868164062 22.0797119140625 22.015705108642578125 22.052280426025390625 21.921215057373046875 22.009607315063476562 22.149814605712890625
23.155656814575195312 22.664928436279296875 22.308313369750976562 22.369272232055664062 22.64359283447265625 22.817327499389648438 22.66797637939453125 22.564344406127929688 22.661878585815429688 22.338792800903320312 22.317457199096679688 22.451568603515625 22.442422866821289062 22.414991378784179688 22.430231094360351562 22.448520660400390625 22.442422866821289062 22.408895492553710938 22.329648971557617188 22.286977767944335938 22.238206863403320312 22.189441680908203125 22.268688201904296875 22.908769607543945312 23.116031646728515625 23.5762786865234375 22.536912918090820312 22.280879974365234375 22.021799087524414062 21.9943695068359375 21.957792282104492188 22.033992767333984375 22.0797119140625 22.049230575561523438 22.070569992065429688 22.082759857177734375 22.119335174560546875 22.168104171752929688 22.174200057983398438 22.238206863403320312
23.167848587036132812 22.820377349853515625 22.838665008544921875 22.579584121704101562 22.89048004150390625 22.969728469848632812 22.774656295776367188 22.610063552856445312 22.91486358642578125 22.741128921508789062 22.558248519897460938 22.46985626220703125 22.491191864013671875 22.50643157958984375 22.521671295166015625 22.527769088745117188 22.536912918090820312 22.536912918090820312 22.479000091552734375 22.48204803466796875 22.411943435668945312 22.335742950439453125 22.451568603515625 22.311359405517578125 22.268688201904296875 22.274784088134765625 22.122385025024414062 21.988271713256835938 22.27173614501953125 22.01265716552734375 22.22906494140625 23.0581207275390625 22.524721145629882812 23.34767913818359375 23.000207901000976562 23.393400192260742188 23.417783737182617188 23.393400192260742188 23.652479171752929688 23.530559539794921875
23.183086395263671875 22.991064071655273438 22.823423385620117188 22.780752182006835938 23.35987091064453125 23.79268646240234375 22.869144439697265625 22.887430191040039062 23.10079193115234375 23.244049072265625 23.134321212768554688 22.616159439086914062 22.564344406127929688 22.683216094970703125 22.6131134033203125 22.628351211547851562 22.64359283447265625 22.677120208740234375 22.634449005126953125 22.701505661010742188 22.576536178588867188 22.53081512451171875 22.555200576782226562 22.247350692749023438 22.515577316284179688 23.469600677490234375 23.810976028442382812 23.826215744018554688 23.682958602905273438 23.402544021606445312 23.743921279907226562 23.86279296875 23.631143569946289062 23.27452850341796875 23.497030258178710938 23.573230743408203125 23.884128570556640625 24.179784774780273438 23.50922393798828125 23.259286880493164062
23.341585159301757812 23.195280075073242188 23.006305694580078125 23.314151763916015625 23.439121246337890625 23.369014739990234375 22.97582244873046875 23.073358535766601562 23.192230224609375 23.2318572998046875 23.158704757690429688 22.978872299194335938 22.774656295776367188 22.817327499389648438 22.875240325927734375 22.817327499389648438 22.725887298583984375 22.805135726928710938 22.802087783813476562 22.680170059204101562 23.006305694580078125 23.372064590454101562 23.308055877685546875 23.497030258178710938 23.457406997680664062 23.536655426025390625 23.686008453369140625 23.673814773559570312 23.597616195678710938 23.673814773559570312 23.817071914672851562 23.71953582763671875 23.481792449951171875 23.640287399291992188 23.667720794677734375 23.728679656982421875 23.76220703125 23.594568252563476562 23.387304306030273438 23.052022933959960938
