data/norristown_10m_new.asc
ncols        104
nrows        112
xllcorner    470406.491399999999
yllcorner    4439304.785899999551
dx           9.997971153846
dy           9.976200892864
[rows 18 to 35 of 112, columns 40 to 79 of 104]
22.4759521484375 22.628351211547851562 22.671022415161132812 22.637495040893554688 22.6862640380859375 22.719791412353515625 22.591775894165039062 22.293071746826171875 22.149814605712890625 21.8694000244140625 21.610321044921875 21.451822280883789062 21.217128753662109375 21.409151077270507812 21.4487762451171875 21.147022247314453125 21.162263870239257812 21.150072097778320312 21.363430023193359375 21.29332733154296875 21.223222732543945312 21.211030960083007812 21.04644012451171875 21.0769195556640625 20.881849288940429688 20.796504974365234375 20.781263351440429688 20.738592147827148438 20.436840057373046875 19.43709564208984375 19.549871444702148438 19.668743133544921875 20.0131683349609375 20.208240509033203125 20.257007598876953125 20.826984405517578125 21.720048904418945312 22.277830123901367188 22.62530517578125 22.930105209350585938
22.4881439208984375 22.622257232666015625 22.683216094970703125 22.594823837280273438 22.515577316284179688 22.494241714477539062 22.44547271728515625 22.28392791748046875 22.027894973754882812 21.759672164916992188 21.619464874267578125 21.400007247924804688 21.159215927124023438 21.28113555908203125 21.262847900390625 21.2262725830078125 21.244558334350585938 21.049488067626953125 20.912328720092773438 20.90927886962890625 20.839176177978515625 20.994623184204101562 20.933664321899414062 20.842222213745117188 21.122640609741210938 20.921472549438476562 20.845272064208984375 20.689823150634765625 20.4337921142578125 19.8028564453125 19.6169281005859375 19.333463668823242188 19.427951812744140625 19.808950424194335938 20.2600555419921875 20.964143753051757812 21.65299224853515625 22.11019134521484375 21.933406829833984375 21.878543853759765625
22.366222381591796875 22.414991378784179688 22.911815643310546875 23.08860015869140625 22.619207382202148438 22.4759521484375 22.329648971557617188 22.180294036865234375 22.143720626831054688 21.829776763916015625 21.509735107421875 21.29332733154296875 21.23846435546875 21.26894378662109375 21.360383987426757812 21.384769439697265625 21.567647933959960938 21.509735107421875 21.384769439697265625 21.400007247924804688 20.927568435668945312 20.628864288330078125 20.686777114868164062 20.738592147827148438 20.735544204711914062 20.659343719482421875 20.811742782592773438 20.860513687133789062 20.668487548828125 20.244815826416015625 19.680936813354492188 19.546823501586914062 19.458431243896484375 19.5437774658203125 19.763231277465820312 20.759927749633789062 21.735286712646484375 22.033992767333984375 21.326856613159179688 21.241512298583984375
21.893785476684570312 22.171152114868164062 22.497287750244140625 22.7350311279296875 22.887430191040039062 22.664928436279296875 22.53081512451171875 22.375370025634765625 22.149814605712890625 21.948648452758789062 21.820631027221679688 21.686519622802734375 21.619464874267578125 21.555456161499023438 21.616415023803710938 21.656040191650390625 21.677377700805664062 21.674327850341796875 21.64080047607421875 21.66518402099609375 21.774911880493164062 21.457920074462890625 21.25675201416015625 21.22017669677734375 20.842222213745117188 20.62581634521484375 20.549615859985351562 20.57704925537109375 20.54656982421875 20.689823150634765625 20.101558685302734375 19.540727615356445312 19.577304840087890625 19.199352264404296875 19.15972900390625 19.744943618774414062 21.1256866455078125 21.915121078491210938 20.802600860595703125 20.903184890747070312
21.4975433349609375 21.336000442504882812 21.951694488525390625 22.509479522705078125 22.988016128540039062 22.805135726928710938 23.024591445922851562 22.503383636474609375 22.22906494140625 22.091905593872070312 21.939504623413085938 21.860256195068359375 21.777959823608398438 21.759672164916992188 21.768815994262695312 21.878543853759765625 22.000463485717773438 21.969984054565429688 21.872447967529296875 21.784055709838867188 21.85111236572265625 21.790151596069335938 21.753576278686523438 21.601177215576171875 21.488399505615234375 20.88489532470703125 20.62581634521484375 20.381977081298828125 20.37892913818359375 20.470369338989257812 20.442935943603515625 20.202142715454101562 20.345399856567382812 19.306032180786132812 19.138391494750976562 19.607784271240234375 19.8638153076171875 20.735544204711914062 20.580095291137695312 21.153120040893554688
21.08301544189453125 20.839176177978515625 20.924520492553710938 21.089113235473632812 21.595079421997070312 22.856950759887695312 23.0703125 22.42718505859375 22.09799957275390625 22.076663970947265625 22.015705108642578125 21.97303009033203125 21.802343368530273438 21.6712799072265625 21.723094940185546875 21.784055709838867188 22.033992767333984375 22.0797119140625 22.070569992065429688 21.890735626220703125 21.814535140991210938 21.902927398681640625 21.982177734375 21.799295425415039062 21.808441162109375 21.204935073852539062 21.308568954467773438 21.086063385009765625 20.241769790649414062 20.321016311645507812 20.299678802490234375 20.385023117065429688 20.397214889526367188 20.034505844116210938 18.9981842041015625 19.787614822387695312 19.830287933349609375 20.147279739379882812 20.4094085693359375 21.4731597900390625
20.756879806518554688 21.101305007934570312 21.025104522705078125 21.244558334350585938 21.235414505004882812 21.259799957275390625 22.003513336181640625 21.976079940795898438 21.872447967529296875 21.756622314453125 21.7444305419921875 21.829776763916015625 21.738336563110351562 21.909023284912109375 21.729192733764648438 21.601177215576171875 21.674327850341796875 21.729192733764648438 21.921215057373046875 21.918169021606445312 22.03704071044921875 21.936456680297851562 22.02484893798828125 21.936456680297851562 21.814535140991210938 21.71395111083984375 21.588985443115234375 21.433536529541015625 21.244558334350585938 20.534376144409179688 20.479513168334960938 20.24786376953125 20.263105392456054688 20.241769790649414062 19.766279220581054688 20.107656478881835938 20.119848251342773438 20.04974365234375 20.6075286865234375 20.982431411743164062
20.857463836669921875 20.894041061401367188 21.03424835205078125 21.174455642700195312 21.107400894165039062 20.988527297973632812 21.631656646728515625 21.646894454956054688 21.531072616577148438 21.4243927001953125 21.628606796264648438 21.707857131958007812 21.610321044921875 21.918169021606445312 21.979127883911132812 21.9425506591796875 21.552408218383789062 21.555456161499023438 21.6712799072265625 21.732240676879882812 21.960840225219726562 22.155912399291992188 22.091905593872070312 22.076663970947265625 21.954744338989257812 21.927312850952148438 21.793199539184570312 21.588985443115234375 21.427440643310546875 21.20798492431640625 22.994112014770507812 23.240999221801757812 21.619464874267578125 20.156423568725585938 20.171663284301757812 20.180807113647460938 20.077177047729492188 20.2600555419921875 20.747735977172851562 20.942808151245117188
20.933664321899414062 20.930616378784179688 20.927568435668945312 21.055583953857421875 20.982431411743164062 20.9915771484375 21.415248870849609375 21.314664840698242188 21.198841094970703125 21.092159271240234375 21.54021453857421875 21.585935592651367188 21.43658447265625 21.802343368530273438 21.896831512451171875 21.97303009033203125 21.817584991455078125 21.576791763305664062 21.43658447265625 21.409151077270507812 21.4243927001953125 21.643848419189453125 21.89987945556640625 22.140672683715820312 22.061422348022460938 22.03704071044921875 21.982177734375 21.802343368530273438 21.588985443115234375 21.357336044311523438 21.29332733154296875 22.137622833251953125 23.759159088134765625 23.420831680297851562 22.058376312255859375 20.08022308349609375 20.010120391845703125 20.046695709228515625 20.284440994262695312 20.65019989013671875
20.881849288940429688 20.900135040283203125 20.918422698974609375 20.933664321899414062 20.970241546630859375 21.223222732543945312 21.2262725830078125 21.04034423828125 20.833080291748046875 20.997671127319335938 21.396959304809570312 21.4487762451171875 21.28113555908203125 21.582887649536132812 21.85111236572265625 21.732240676879882812 21.561552047729492188 21.482305526733398438 21.43658447265625 21.369527816772460938 21.275041580200195312 21.137880325317382812 21.229320526123046875 21.47925567626953125 21.817584991455078125 22.15895843505859375 22.134576797485351562 21.963888168334960938 21.841968536376953125 21.616415023803710938 21.4853515625 21.43658447265625 21.409151077270507812 21.7962493896484375 23.216615676879882812 23.265384674072265625 21.909023284912109375 20.010120391845703125 19.973543167114257812 19.94611358642578125
20.69287109375 20.71115875244140625 20.890993118286132812 20.8787994384765625 20.9915771484375 21.156169891357421875 21.043392181396484375 20.924520492553710938 20.534376144409179688 20.869655609130859375 21.26894378662109375 21.271991729736328125 21.1256866455078125 21.375623703002929688 21.72614288330078125 21.616415023803710938 21.555456161499023438 21.631656646728515625 21.40610504150390625 21.345144271850585938 21.412200927734375 21.43658447265625 21.174455642700195312 21.131784439086914062 21.186649322509765625 21.369527816772460938 21.799295425415039062 21.933406829833984375 22.018751144409179688 21.835872650146484375 21.610321044921875 21.735286712646484375 21.6956634521484375 21.625558853149414062 21.82672882080078125 22.186391830444335938 23.030687332153320312 22.988016128540039062 21.22017669677734375 19.924776077270507812
20.52523040771484375 20.79345703125 20.665441513061523438 20.790407180786132812 20.924520492553710938 20.79345703125 20.509992599487304688 20.363687515258789062 20.24786376953125 20.561807632446289062 20.674585342407226562 21.180551528930664062 21.19579315185546875 21.704807281494140625 21.534120559692382812 21.418294906616210938 21.400007247924804688 21.46706390380859375 21.259799957275390625 21.323808670043945312 21.534120559692382812 21.729192733764648438 21.546312332153320312 21.34209442138671875 21.00986480712890625 20.958047866821289062 20.820886611938476562 21.110448837280273438 21.76576995849609375 22.040086746215820312 21.86330413818359375 21.720048904418945312 21.686519622802734375 22.2412567138671875 21.799295425415039062 21.66518402099609375 21.720048904418945312 22.0797119140625 22.628351211547851562 22.811231613159179688
20.180807113647460938 20.2356719970703125 20.354543685913085938 20.442935943603515625 20.516086578369140625 20.3606414794921875 20.442935943603515625 20.46427154541015625 20.339305877685546875 20.436840057373046875 20.735544204711914062 20.845272064208984375 21.055583953857421875 21.360383987426757812 21.348192214965820312 21.217128753662109375 21.168359756469726562 21.28113555908203125 21.262847900390625 21.4487762451171875 21.659088134765625 21.845014572143554688 21.7444305419921875 21.329904556274414062 21.04644012451171875 20.982431411743164062 20.930616378784179688 20.747735977172851562 20.90927886962890625 21.375623703002929688 22.570440292358398438 21.881591796875 21.884641647338867188 21.72614288330078125 21.808441162109375 21.787105560302734375 22.021799087524414062 21.918169021606445312 21.82672882080078125 22.250400543212890625
18.083784103393554688 20.058887481689453125 19.994878768920898438 20.095464706420898438 20.074129104614257812 20.028408050537109375 20.089368820190429688 20.0131683349609375 20.269199371337890625 20.2600555419921875 20.674585342407226562 20.62581634521484375 20.653247833251953125 20.830030441284179688 20.994623184204101562 21.015958786010742188 21.037294387817382812 21.134830474853515625 21.512784957885742188 21.720048904418945312 21.802343368530273438 21.680423736572265625 21.387815475463867188 21.445728302001953125 21.23236846923828125 21.259799957275390625 21.217128753662109375 20.900135040283203125 20.83612823486328125 20.586193084716796875 21.363430023193359375 22.957536697387695312 23.052022933959960938 22.366222381591796875 21.924264907836914062 21.945600509643554688 22.12847900390625 22.219921112060546875 22.171152114868164062 22.082759857177734375
14.490192413330078125 15.252192497253417969 18.004535675048828125 20.06803131103515625 20.077177047729492188 19.9887847900390625 19.882104873657226562 19.842479705810546875 19.888200759887695312 20.110704421997070312 20.708112716674804688 20.769071578979492188 20.77516937255859375 20.808694839477539062 20.738592147827148438 20.671535491943359375 20.735544204711914062 21.22017669677734375 21.40610504150390625 21.549358367919921875 21.601177215576171875 21.336000442504882812 21.162263870239257812 21.101305007934570312 21.244558334350585938 21.354288101196289062 21.311614990234375 20.994623184204101562 20.857463836669921875 20.756879806518554688 20.708112716674804688 20.455127716064453125 20.41550445556640625 22.677120208740234375 22.957536697387695312 22.497287750244140625 22.171152114868164062 22.357080459594726562 22.119335174560546875 22.186391830444335938
14.487143516540527344 14.481047630310058594 14.4688568115234375 17.333974838256835938 16.651224136352539062 18.01367950439453125 20.086320877075195312 19.729705810546875 19.769329071044921875 20.119848251342773438 20.321016311645507812 20.604478836059570312 20.601430892944335938 20.592287063598632812 20.509992599487304688 20.552663803100585938 20.915376663208007812 21.451822280883789062 21.317712783813476562 21.86330413818359375 21.729192733764648438 21.23236846923828125 21.079969406127929688 21.25675201416015625 21.302471160888671875 21.336000442504882812 21.23846435546875 21.198841094970703125 21.271991729736328125 20.830030441284179688 20.954999923706054688 20.671535491943359375 20.473415374755859375 20.455127716064453125 20.933664321899414062 22.66797637939453125 22.795991897583007812 22.479000091552734375 22.253448486328125 22.204679489135742188
14.487143516540527344 14.477999687194824219 14.4688568115234375 14.462759971618652344 14.453615188598632812 14.447520256042480469 16.730472564697265625 19.379184722900390625 19.775423049926757812 20.055841445922851562 20.351495742797851562 20.363687515258789062 20.418550491333007812 20.412456512451171875 20.406358718872070312 20.479513168334960938 21.107400894165039062 21.20798492431640625 21.400007247924804688 21.357336044311523438 21.412200927734375 21.113494873046875 21.311614990234375 21.512784957885742188 21.686519622802734375 21.2872314453125 21.23846435546875 21.055583953857421875 21.421342849731445312 20.954999923706054688 21.064727783203125 20.900135040283203125 20.732494354248046875 20.424648284912109375 20.552663803100585938 20.388071060180664062 20.583143234252929688 22.524721145629882812 22.646640777587890625 22.402799606323242188
14.484096527099609375 14.477999687194824219 14.4688568115234375 14.459712028503417969 14.453615188598632812 14.444471359252929688 14.435328483581542969 14.429231643676757812 16.395193099975585938 19.531583786010742188 20.01926422119140625 20.366735458374023438 20.354543685913085938 20.772119522094726562 20.40331268310546875 20.513040542602539062 21.09520721435546875 21.113494873046875 21.23846435546875 21.47925567626953125 21.086063385009765625 20.784313201904296875 21.54021453857421875 21.323808670043945312 21.08301544189453125 21.08301544189453125 21.122640609741210938 21.101305007934570312 20.921472549438476562 21.186649322509765625 21.110448837280273438 21.000720977783203125 20.84832000732421875 20.644105911254882812 20.421600341796875 18.995136260986328125 19.6900787353515625 20.046695709228515625 19.912584304809570312 21.991319656372070312
