data/norristown_5m.asc
ncols        208
nrows        223
xllcorner    470406.491399999999
yllcorner    4439304.785899999551
dx           4.998985576923
dy           5.010468609869
[rows 54 to 71 of 223, columns 0 to 39 of 208]
17.498567581176757812 17.486375808715820312 17.477231979370117188 17.465040206909179688 17.455896377563476562 17.443704605102539062 17.428464889526367188 17.239488601684570312 16.3494720458984375 15.453360557556152344 14.968728065490722656 14.962632179260253906 14.956536293029785156 14.947392463684082031 14.941296577453613281 14.935199737548828125 14.929103851318359375 14.91996002197265625 14.9138641357421875 14.90776824951171875 14.898624420166015625 14.895575523376464844 14.886431694030761719 14.880335807800292969 14.871191978454589844 14.865096092224121094 14.859000205993652344 14.849856376647949219 14.843760490417480469 14.837663650512695312 14.831567764282226562 14.825471878051757812 14.819375991821289062 14.813279151916503906 14.804136276245117188 14.798039436340332031 14.791943550109863281 15.124176025390625 15.55089569091796875 15.108936309814453125
17.498567581176757812 17.486375808715820312 17.471136093139648438 17.452848434448242188 17.440656661987304688 17.434560775756835938 17.422367095947265625 16.9682159423828125 16.084295272827148438 15.194279670715332031 14.965679168701171875 14.959584236145019531 14.953488349914550781 14.947392463684082031 14.941296577453613281 14.932152748107910156 14.926055908203125 14.91996002197265625 14.910815238952636719 14.90776824951171875 14.898624420166015625 14.892528533935546875 14.88338470458984375 14.880335807800292969 14.871191978454589844 14.862047195434570312 14.855952262878417969 14.849856376647949219 14.843760490417480469 14.834615707397460938 14.831567764282226562 14.822423934936523438 14.816328048706054688 14.810232162475585938 14.804136276245117188 14.798039436340332031 14.788896560668945312 14.785847663879394531 15.020544052124023438 14.990063667297363281
17.483327865600585938 17.471136093139648438 17.458944320678710938 17.446752548217773438 17.434560775756835938 17.428464889526367188 17.419321060180664062 16.706089019775390625 15.648431777954101562 14.971776008605957031 14.965679168701171875 14.956536293029785156 14.953488349914550781 14.94434356689453125 14.9382476806640625 14.932152748107910156 14.926055908203125 14.916911125183105469 14.910815238952636719 14.904720306396484375 14.895575523376464844 14.892528533935546875 14.88338470458984375 14.877288818359375 14.868144035339355469 14.862047195434570312 14.855952262878417969 14.849856376647949219 14.843760490417480469 14.834615707397460938 14.828520774841308594 14.822423934936523438 14.816328048706054688 14.810232162475585938 14.801088333129882812 14.794992446899414062 14.788896560668945312 14.782799720764160156 14.773656845092773438 14.767560005187988281
17.465040206909179688 17.449800491333007812 17.443704605102539062 17.43151092529296875 17.4254150390625 17.422367095947265625 17.260824203491210938 16.389095306396484375 15.3466796875 14.968728065490722656 14.962632179260253906 14.956536293029785156 14.947392463684082031 14.94434356689453125 14.9382476806640625 14.929103851318359375 14.923007965087890625 14.916911125183105469 14.90776824951171875 14.901671409606933594 14.895575523376464844 14.889479637145996094 14.88338470458984375 14.874239921569824219 14.868144035339355469 14.862047195434570312 14.852904319763183594 14.846807479858398438 14.840711593627929688 14.834615707397460938 14.828520774841308594 14.822423934936523438 14.816328048706054688 14.807184219360351562 14.801088333129882812 14.794992446899414062 14.785847663879394531 14.779752731323242188 14.773656845092773438 14.7645111083984375
17.446752548217773438 17.434560775756835938 17.43151092529296875 17.428464889526367188 17.4254150390625 17.419321060180664062 16.995647430419921875 16.136112213134765625 15.096743583679199219 14.965679168701171875 14.959584236145019531 14.953488349914550781 14.947392463684082031 14.941296577453613281 14.935199737548828125 14.929103851318359375 14.91996002197265625 14.9138641357421875 14.90776824951171875 14.898624420166015625 14.892528533935546875 14.889479637145996094 14.880335807800292969 14.871191978454589844 14.865096092224121094 14.859000205993652344 14.852904319763183594 14.846807479858398438 14.840711593627929688 14.834615707397460938 14.828520774841308594 14.822423934936523438 14.813279151916503906 14.807184219360351562 14.798039436340332031 14.794992446899414062 14.785847663879394531 14.779752731323242188 14.770607948303222656 14.7645111083984375
17.4376068115234375 17.434560775756835938 17.428464889526367188 17.4254150390625 17.422367095947265625 17.419321060180664062 16.6207427978515625 15.934943199157714844 14.971776008605957031 14.965679168701171875 14.959584236145019531 14.953488349914550781 14.94434356689453125 14.9382476806640625 14.935199737548828125 14.926055908203125 14.91996002197265625 14.9138641357421875 14.90776824951171875 14.898624420166015625 14.892528533935546875 14.886431694030761719 14.880335807800292969 14.871191978454589844 14.865096092224121094 14.859000205993652344 14.852904319763183594 14.843760490417480469 14.840711593627929688 14.831567764282226562 14.825471878051757812 14.819375991821289062 14.813279151916503906 14.807184219360351562 14.798039436340332031 14.791943550109863281 14.785847663879394531 14.779752731323242188 14.767560005187988281 14.7645111083984375
17.434560775756835938 17.43151092529296875 17.4254150390625 17.422367095947265625 17.419321060180664062 17.163288116455078125 16.315942764282226562 15.633192062377929688 14.968728065490722656 14.962632179260253906 14.956536293029785156 14.950439453125 14.94434356689453125 14.935199737548828125 14.932152748107910156 14.926055908203125 14.916911125183105469 14.910815238952636719 14.904720306396484375 14.895575523376464844 14.889479637145996094 14.88338470458984375 14.877288818359375 14.871191978454589844 14.862047195434570312 14.859000205993652344 14.852904319763183594 14.843760490417480469 14.837663650512695312 14.831567764282226562 14.825471878051757812 14.819375991821289062 14.813279151916503906 14.807184219360351562 14.798039436340332031 14.791943550109863281 14.785847663879394531 14.776703834533691406 14.767560005187988281 14.761464118957519531
17.4254150390625 17.4254150390625 17.422367095947265625 17.422367095947265625 17.419321060180664062 16.904207229614257812 16.066007614135742188 15.218664169311523438 14.968728065490722656 14.962632179260253906 14.953488349914550781 14.947392463684082031 14.941296577453613281 14.935199737548828125 14.929103851318359375 14.923007965087890625 14.916911125183105469 14.90776824951171875 14.904720306396484375 14.895575523376464844 14.889479637145996094 14.88338470458984375 14.874239921569824219 14.871191978454589844 14.862047195434570312 14.855952262878417969 14.849856376647949219 14.843760490417480469 14.837663650512695312 14.831567764282226562 14.825471878051757812 14.816328048706054688 14.810232162475585938 14.804136276245117188 14.798039436340332031 14.791943550109863281 14.782799720764160156 14.776703834533691406 14.767560005187988281 14.761464118957519531
17.422367095947265625 17.422367095947265625 17.419321060180664062 17.419321060180664062 17.419321060180664062 16.605503082275390625 15.822168350219726562 14.977871894836425781 14.965679168701171875 14.959584236145019531 14.950439453125 14.94434356689453125 14.9382476806640625 14.932152748107910156 14.926055908203125 14.91996002197265625 14.9138641357421875 14.90776824951171875 14.898624420166015625 14.892528533935546875 14.886431694030761719 14.880335807800292969 14.874239921569824219 14.868144035339355469 14.862047195434570312 14.855952262878417969 14.849856376647949219 14.843760490417480469 14.837663650512695312 14.828520774841308594 14.825471878051757812 14.816328048706054688 14.810232162475585938 14.804136276245117188 14.794992446899414062 14.788896560668945312 14.782799720764160156 14.776703834533691406 14.767560005187988281 14.75841522216796875
17.419321060180664062 17.419321060180664062 17.419321060180664062 17.419321060180664062 17.233392715454101562 16.407384872436523438 15.57527923583984375 14.968728065490722656 14.962632179260253906 14.959584236145019531 14.950439453125 14.94434356689453125 14.9382476806640625 14.932152748107910156 14.926055908203125 14.916911125183105469 14.9138641357421875 14.904720306396484375 14.898624420166015625 14.892528533935546875 14.886431694030761719 14.880335807800292969 14.874239921569824219 14.868144035339355469 14.862047195434570312 14.855952262878417969 14.846807479858398438 14.843760490417480469 14.837663650512695312 14.828520774841308594 14.825471878051757812 14.816328048706054688 14.810232162475585938 14.801088333129882812 14.794992446899414062 14.788896560668945312 14.779752731323242188 14.773656845092773438 14.7645111083984375 14.75841522216796875
17.419321060180664062 17.419321060180664062 17.419321060180664062 17.419321060180664062 16.885919570922851562 15.94713592529296875 15.288767814636230469 14.968728065490722656 14.959584236145019531 14.956536293029785156 14.947392463684082031 14.94434356689453125 14.935199737548828125 14.932152748107910156 14.923007965087890625 14.916911125183105469 14.910815238952636719 14.901671409606933594 14.898624420166015625 14.889479637145996094 14.88338470458984375 14.880335807800292969 14.871191978454589844 14.865096092224121094 14.859000205993652344 14.852904319763183594 14.846807479858398438 14.840711593627929688 14.834615707397460938 14.828520774841308594 14.822423934936523438 14.816328048706054688 14.807184219360351562 14.801088333129882812 14.794992446899414062 14.788896560668945312 14.779752731323242188 14.770607948303222656 14.7645111083984375 14.75841522216796875
17.419321060180664062 17.419321060180664062 17.419321060180664062 17.419321060180664062 16.687799453735351562 15.709392547607421875 15.054071426391601562 14.965679168701171875 14.959584236145019531 14.953488349914550781 14.947392463684082031 14.941296577453613281 14.935199737548828125 14.929103851318359375 14.923007965087890625 14.916911125183105469 14.90776824951171875 14.855952262878417969 15.13027191162109375 15.249143600463867188 14.90776824951171875 14.880335807800292969 14.871191978454589844 14.865096092224121094 14.859000205993652344 14.852904319763183594 14.846807479858398438 14.840711593627929688 14.834615707397460938 14.828520774841308594 14.822423934936523438 14.813279151916503906 14.807184219360351562 14.798039436340332031 14.794992446899414062 14.788896560668945312 14.779752731323242188 14.770607948303222656 14.761464118957519531 14.755368232727050781
17.419321060180664062 17.419321060180664062 17.419321060180664062 17.254728317260742188 16.495775222778320312 15.520415306091308594 14.968728065490722656 14.965679168701171875 14.956536293029785156 14.950439453125 14.94434356689453125 14.941296577453613281 14.932152748107910156 14.926055908203125 14.923007965087890625 14.916911125183105469 14.941296577453613281 14.929103851318359375 15.041879653930664062 15.310103416442871094 14.88338470458984375 14.880335807800292969 14.871191978454589844 14.865096092224121094 14.859000205993652344 14.852904319763183594 14.846807479858398438 14.837663650512695312 14.834615707397460938 14.825471878051757812 14.819375991821289062 14.813279151916503906 14.807184219360351562 14.798039436340332031 14.791943550109863281 14.785847663879394531 14.776703834533691406 14.770607948303222656 14.761464118957519531 14.755368232727050781
17.419321060180664062 17.419321060180664062 17.419321060180664062 16.803625106811523438 16.160495758056640625 15.194279670715332031 14.968728065490722656 14.962632179260253906 14.956536293029785156 14.950439453125 14.94434356689453125 14.9382476806640625 14.932152748107910156 14.926055908203125 14.91996002197265625 14.9138641357421875 15.154656410217285156 14.956536293029785156 14.895575523376464844 14.886431694030761719 14.880335807800292969 14.877288818359375 14.871191978454589844 14.865096092224121094 14.855952262878417969 14.852904319763183594 14.843760490417480469 14.837663650512695312 14.831567764282226562 14.825471878051757812 14.819375991821289062 14.810232162475585938 14.804136276245117188 14.798039436340332031 14.791943550109863281 14.785847663879394531 14.776703834533691406 14.767560005187988281 14.75841522216796875 14.752320289611816406
17.419321060180664062 17.419321060180664062 17.419321060180664062 16.608552932739257812 15.971520423889160156 15.011400222778320312 14.965679168701171875 14.959584236145019531 14.956536293029785156 14.950439453125 14.941296577453613281 14.9382476806640625 14.929103851318359375 14.923007965087890625 14.916911125183105469 14.910815238952636719 15.175992012023925781 14.901671409606933594 14.892528533935546875 14.886431694030761719 14.880335807800292969 14.877288818359375 14.868144035339355469 14.862047195434570312 14.855952262878417969 14.849856376647949219 14.843760490417480469 14.837663650512695312 14.831567764282226562 14.825471878051757812 14.819375991821289062 14.810232162475585938 14.804136276245117188 14.798039436340332031 14.791943550109863281 14.782799720764160156 14.773656845092773438 14.767560005187988281 14.75841522216796875 14.752320289611816406
17.419321060180664062 17.419321060180664062 17.273015975952148438 16.328136444091796875 15.535655975341796875 14.971776008605957031 14.965679168701171875 14.959584236145019531 14.953488349914550781 14.947392463684082031 14.941296577453613281 14.935199737548828125 14.929103851318359375 14.923007965087890625 14.916911125183105469 14.910815238952636719 14.916911125183105469 14.898624420166015625 14.892528533935546875 14.886431694030761719 14.941296577453613281 14.974823951721191406 14.868144035339355469 14.862047195434570312 14.855952262878417969 14.846807479858398438 14.840711593627929688 14.834615707397460938 14.828520774841308594 14.822423934936523438 14.819375991821289062 14.810232162475585938 14.804136276245117188 14.794992446899414062 14.791943550109863281 14.779752731323242188 14.773656845092773438 14.767560005187988281 14.75841522216796875 14.749271392822265625
17.419321060180664062 17.419321060180664062 17.288255691528320312 16.248888015747070312 15.380208015441894531 14.968728065490722656 14.962632179260253906 14.956536293029785156 14.953488349914550781 14.947392463684082031 14.941296577453613281 14.935199737548828125 14.929103851318359375 14.923007965087890625 14.916911125183105469 14.910815238952636719 14.904720306396484375 14.898624420166015625 14.889479637145996094 14.9382476806640625 15.032735824584960938 14.874239921569824219 14.868144035339355469 14.862047195434570312 14.855952262878417969 14.846807479858398438 14.840711593627929688 14.834615707397460938 14.828520774841308594 14.822423934936523438 14.834615707397460938 15.078455924987792969 15.361920356750488281 15.221711158752441406 14.941296577453613281 14.779752731323242188 14.770607948303222656 14.7645111083984375 14.755368232727050781 14.749271392822265625
17.419321060180664062 17.419321060180664062 17.35836029052734375 16.30680084228515625 15.419832229614257812 14.968728065490722656 14.962632179260253906 14.956536293029785156 14.950439453125 14.947392463684082031 14.941296577453613281 14.935199737548828125 14.929103851318359375 14.923007965087890625 14.9138641357421875 15.32839202880859375 15.477744102478027344 15.249143600463867188 15.169896125793457031 15.029688835144042969 14.877288818359375 14.874239921569824219 14.865096092224121094 14.859000205993652344 14.852904319763183594 14.846807479858398438 14.840711593627929688 14.834615707397460938 14.828520774841308594 14.822423934936523438 14.816328048706054688 15.172944068908691406 15.416784286499023438 15.688055992126464844 15.489935874938964844 14.779752731323242188 14.770607948303222656 14.7645111083984375 14.75841522216796875 14.749271392822265625
