data/norristown_10m_new.asc
ncols        104
nrows        112
xllcorner    470406.491399999999
yllcorner    4439304.785899999551
dx           9.997971153846
dy           9.976200892864
[rows 0 to 17 of 112, columns 0 to 39 of 104]
25.219150543212890625 25.392887115478515625 25.1490478515625 24.844247817993164062 24.694894790649414062 24.93264007568359375 25.002742767333984375 25.213056564331054688 25.475185394287109375 25.767791748046875 25.932384490966796875 26.240230560302734375 27.03575897216796875 26.97480010986328125 27.200351715087890625 28.00197601318359375 27.239976882934570312 27.340559005737304688 27.37104034423828125 27.4624786376953125 27.541728973388671875 27.627071380615234375 27.422857284545898438 27.340559005737304688 27.17292022705078125 27.2155914306640625 27.489912033081054688 27.459430694580078125 26.9930877685546875 26.977848052978515625 27.80385589599609375 27.77947235107421875 27.870912551879882812 28.3189697265625 28.437841415405273438 28.437841415405273438 28.492704391479492188 28.559759140014648438 28.587192535400390625 28.090368270874023438
25.53919219970703125 25.69464111328125 25.042369842529296875 24.737569808959960938 24.64917755126953125 24.484584808349609375 24.478487014770507812 24.73451995849609375 25.100278854370117188 25.481279373168945312 25.658063888549804688 25.865327835083007812 26.279855728149414062 26.520648956298828125 27.072336196899414062 27.367992401123046875 27.572208404541015625 27.669744491577148438 27.566112518310546875 27.572208404541015625 27.508199691772460938 27.352750778198242188 27.508199691772460938 27.325321197509765625 27.175968170166015625 27.041856765747070312 26.84983062744140625 26.926031112670898438 26.840686798095703125 27.236928939819335938 27.23387908935546875 27.17292022705078125 27.706319808959960938 27.855670928955078125 27.739849090576171875 27.688030242919921875 27.788616180419921875 27.97759246826171875 27.672792434692382812 27.496007919311523438
25.5087127685546875 25.676351547241210938 25.435558319091796875 24.484584808349609375 24.52420806884765625 24.466295242309570312 24.652223587036132812 24.551641464233398438 24.521158218383789062 24.594312667846679688 24.853391647338867188 25.530048370361328125 25.8287506103515625 25.676351547241210938 26.112215042114257812 27.07843017578125 27.517343521118164062 27.742895126342773438 27.739849090576171875 27.709369659423828125 27.6240234375 27.380184173583984375 27.105863571166992188 27.057094573974609375 27.002231597900390625 26.898599624633789062 26.779727935791015625 26.72791290283203125 26.58465576171875 26.691335678100585938 26.7462005615234375 26.9930877685546875 27.063192367553710938 27.285694122314453125 26.950414657592773438 27.169872283935546875 27.218641281127929688 26.935176849365234375 27.087575912475585938 27.136343002319335938
25.801321029663085938 25.487377166748046875 25.088087081909179688 24.32608795166015625 24.417528152465820312 24.685750961303710938 24.560785293579101562 24.448007583618164062 24.353521347045898438 24.408384323120117188 24.487630844116210938 24.426671981811523438 24.737569808959960938 25.29840087890625 25.633680343627929688 26.505407333374023438 27.151584625244140625 27.33446502685546875 27.486864089965820312 27.663648605346679688 27.675840377807617188 27.465528488159179688 27.166822433471679688 26.90164947509765625 26.74010467529296875 27.124151229858398438 27.03575897216796875 26.709623336791992188 26.609041213989257812 26.474927902221679688 26.453592300415039062 26.441400527954101562 26.58465576171875 26.246328353881835938 26.35605621337890625 26.855928421020507812 26.941272735595703125 26.990041732788085938 26.599895477294921875 26.688287734985351562
24.426671981811523438 24.3199920654296875 24.432769775390625 24.5546875 24.551641464233398438 24.585168838500976562 24.615648269653320312 24.673559188842773438 24.72232818603515625 24.768049240112304688 24.780241012573242188 24.853391647338867188 24.780241012573242188 24.713184356689453125 24.95702362060546875 25.34107208251953125 26.865072250366210938 27.2643585205078125 27.355800628662109375 27.279600143432617188 27.325321197509765625 27.313127517700195312 27.060144424438476562 26.752294540405273438 26.782777786254882812 26.904695510864257812 26.752294540405273438 26.471879959106445312 26.636472702026367188 26.6212310791015625 26.307287216186523438 26.240230560302734375 26.011631011962890625 25.965911865234375 25.758647918701171875 25.709878921508789062 25.9537200927734375 26.078687667846679688 25.865327835083007812 26.142694473266601562
24.185878753662109375 24.1218719482421875 24.953977584838867188 25.621486663818359375 26.1274566650390625 26.191463470458984375 25.889713287353515625 25.645872116088867188 25.72512054443359375 25.423368453979492188 24.853391647338867188 24.847295761108398438 24.64917755126953125 24.862535476684570312 24.905208587646484375 24.960071563720703125 24.8899688720703125 25.014936447143554688 25.216104507446289062 27.218641281127929688 26.883359909057617188 26.86202239990234375 26.709623336791992188 26.563320159912109375 26.834592819213867188 26.58465576171875 26.380441665649414062 26.423112869262695312 26.410921096801757812 26.432256698608398438 26.42920684814453125 26.276807785034179688 25.993343353271484375 25.752552032470703125 25.325830459594726562 24.935688018798828125 25.1490478515625 25.216104507446289062 25.29230499267578125 25.688543319702148438
23.344631195068359375 24.225505828857421875 25.267919540405273438 26.103071212768554688 26.179271697998046875 26.020776748657226562 26.011631011962890625 26.191463470458984375 25.560527801513671875 25.191720962524414062 25.408128738403320312 25.502614974975585938 25.456895828247070312 25.28011322021484375 25.11856842041015625 25.115520477294921875 24.98140716552734375 24.99969482421875 24.966169357299804688 25.008840560913085938 25.408128738403320312 26.538936614990234375 26.679143905639648438 26.673048019409179688 26.520648956298828125 26.276807785034179688 26.197559356689453125 26.209751129150390625 26.173177719116210938 26.2006072998046875 26.15793609619140625 26.066495895385742188 25.853136062622070312 25.41422271728515625 25.075895309448242188 24.59735870361328125 24.435815811157226562 24.448007583618164062 24.676607131958007812 25.051513671875
22.9331512451171875 24.127969741821289062 25.606248855590820312 26.61513519287109375 26.33167266845703125 26.133550643920898438 26.026872634887695312 26.069543838500976562 25.746456146240234375 25.008840560913085938 23.78049468994140625 24.700992584228515625 25.133808135986328125 25.16733551025390625 25.243535995483398438 25.41422271728515625 25.350215911865234375 25.28011322021484375 25.478231430053710938 25.10637664794921875 25.066751480102539062 25.188671112060546875 25.408128738403320312 25.73731231689453125 26.197559356689453125 26.292049407958984375 26.063447952270507812 25.975055694580078125 25.98419952392578125 25.99029541015625 25.856184005737304688 25.71292877197265625 25.719022750854492188 25.36545562744140625 25.325830459594726562 24.249887466430664062 24.2468414306640625 24.10968017578125 24.33827972412109375 24.572977066040039062
22.777704238891601562 23.009351730346679688 25.085041046142578125 23.667720794677734375 26.423112869262695312 25.429464340209960938 24.112728118896484375 25.158191680908203125 25.097230911254882812 24.274271011352539062 23.219663619995117188 22.527769088745117188 22.491191864013671875 23.210519790649414062 25.200864791870117188 25.700735092163085938 25.048463821411132812 24.993600845336914062 25.213056564331054688 25.316686630249023438 25.405078887939453125 25.29840087890625 25.16733551025390625 25.176479339599609375 25.371551513671875 25.764743804931640625 25.9293365478515625 25.85923004150390625 25.7555999755859375 25.697687149047851562 25.542240142822265625 25.530048370361328125 25.706830978393554688 25.481279373168945312 24.975313186645507812 23.5031280517578125 23.518369674682617188 23.698200225830078125 24.188928604125976562 24.304750442504882812
22.795991897583007812 22.795991897583007812 22.826471328735351562 22.817327499389648438 23.055070877075195312 23.838407516479492188 23.67076873779296875 23.234905242919921875 23.024591445922851562 22.39670562744140625 22.354030609130859375 22.015705108642578125 22.101049423217773438 22.524721145629882812 23.11298370361328125 24.847295761108398438 24.77109527587890625 24.819864273071289062 24.987504959106445312 25.097230911254882812 25.237440109252929688 25.398984909057617188 25.386793136596679688 25.597105026245117188 25.316686630249023438 25.267919540405273438 25.444705963134765625 25.6824493408203125 25.862279891967773438 25.904951095581054688 25.447751998901367188 25.533094406127929688 25.69464111328125 25.274015426635742188 24.365713119506835938 22.610063552856445312 22.896575927734375 23.686008453369140625 23.829263687133789062 23.890222549438476562
22.84171295166015625 22.762464523315429688 22.588727951049804688 22.421087265014648438 22.479000091552734375 22.22296905517578125 22.747222900390625 22.155912399291992188 22.104095458984375 21.857208251953125 21.6834716796875 21.592031478881835938 21.790151596069335938 22.494241714477539062 22.969728469848632812 22.777704238891601562 23.594568252563476562 24.670513153076171875 24.804622650146484375 24.963121414184570312 25.11856842041015625 25.258777618408203125 25.283159255981445312 25.456895828247070312 25.5818634033203125 25.536144256591796875 25.274015426635742188 25.338022232055664062 25.563577651977539062 25.795223236083984375 26.014678955078125 25.968959808349609375 25.804368972778320312 25.417272567749023438 23.311105728149414062 22.030942916870117188 22.262592315673828125 23.91765594482421875 23.64638519287109375 23.493984222412109375
22.168104171752929688 21.933406829833984375 21.750528335571289062 21.549358367919921875 22.033992767333984375 21.6834716796875 21.704807281494140625 21.6956634521484375 21.582887649536132812 21.369527816772460938 21.284185409545898438 21.201887130737304688 21.509735107421875 21.689569473266601562 22.978872299194335938 22.802087783813476562 22.905719757080078125 22.820377349853515625 22.405849456787109375 24.426671981811523438 24.859487533569335938 25.002742767333984375 25.100278854370117188 25.301448822021484375 25.469087600708007812 25.52700042724609375 25.584913253784179688 25.658063888549804688 25.456895828247070312 25.350215911865234375 25.783031463623046875 25.73731231689453125 26.060400009155273438 24.438863754272460938 21.247608184814453125 21.329904556274414062 21.787105560302734375 23.10079193115234375 23.4787445068359375 23.512271881103515625
21.613368988037109375 21.649944305419921875 21.543264389038085938 21.7444305419921875 21.741384506225585938 21.613368988037109375 21.582887649536132812 21.756622314453125 21.704807281494140625 21.656040191650390625 21.067777633666992188 20.94890594482421875 20.951951980590820312 21.211030960083007812 21.820631027221679688 21.945600509643554688 22.347936630249023438 22.582630157470703125 21.63470458984375 21.704807281494140625 22.588727951049804688 24.72232818603515625 24.914350509643554688 25.10637664794921875 25.210008621215820312 25.459943771362304688 25.478231430053710938 25.572719573974609375 25.673305511474609375 25.71292877197265625 25.493471145629882812 25.411176681518554688 25.734264373779296875 22.433279037475585938 20.6319122314453125 20.857463836669921875 21.314664840698242188 22.53081512451171875 23.308055877685546875 23.3781585693359375
21.372577667236328125 21.643848419189453125 21.841968536376953125 21.668230056762695312 21.720048904418945312 21.619464874267578125 21.278087615966796875 21.354288101196289062 21.275041580200195312 20.872705459594726562 20.961095809936523438 20.958047866821289062 20.951951980590820312 21.012912750244140625 20.985479354858398438 21.217128753662109375 21.329904556274414062 21.476207733154296875 21.604223251342773438 21.637750625610351562 21.723094940185546875 21.820631027221679688 24.402286529541015625 24.728424072265625 24.990550994873046875 25.145999908447265625 25.295351028442382812 25.40203094482421875 25.49652099609375 25.554430007934570312 25.685495376586914062 25.594057083129882812 25.429464340209960938 20.345399856567382812 20.296630859375 20.4947509765625 20.503894805908203125 21.54021453857421875 22.64359283447265625 23.588472366333007812
21.512784957885742188 21.509735107421875 21.753576278686523438 21.570695877075195312 21.445728302001953125 21.314664840698242188 21.183599472045898438 21.345144271850585938 21.302471160888671875 20.674585342407226562 20.93975830078125 20.872705459594726562 20.961095809936523438 21.07082366943359375 21.19579315185546875 21.137880325317382812 21.336000442504882812 21.278087615966796875 21.284185409545898438 21.39391326904296875 21.57984161376953125 21.656040191650390625 21.698713302612304688 24.332183837890625 24.725376129150390625 24.792430877685546875 24.972263336181640625 25.1368560791015625 25.301448822021484375 25.408128738403320312 25.523950576782226562 25.1124725341796875 20.747735977172851562 20.156423568725585938 20.138135910034179688 21.101305007934570312 21.058629989624023438 20.82393646240234375 21.302471160888671875 22.165056228637695312
21.409151077270507812 21.70175933837890625 21.613368988037109375 22.140672683715820312 21.457920074462890625 21.253704071044921875 21.326856613159179688 21.201887130737304688 20.778215408325195312 20.653247833251953125 21.451822280883789062 20.851369857788085938 20.958047866821289062 21.110448837280273438 21.275041580200195312 21.549358367919921875 21.82672882080078125 21.723094940185546875 21.588985443115234375 21.211030960083007812 21.366479873657226562 21.421342849731445312 21.409151077270507812 21.607271194458007812 24.313894271850585938 24.423624038696289062 24.051769256591796875 25.0118865966796875 25.170385360717773438 25.286207199096679688 25.411176681518554688 23.426927566528320312 20.394168853759765625 20.153377532958984375 20.1869049072265625 20.668487548828125 21.101305007934570312 20.942808151245117188 21.165311813354492188 21.2994232177734375
21.457920074462890625 21.564599990844726562 21.598127365112304688 21.403057098388671875 21.6225128173828125 21.576791763305664062 21.613368988037109375 20.104608535766601562 20.010120391845703125 20.44598388671875 20.863559722900390625 20.714208602905273438 20.997671127319335938 21.204935073852539062 21.387815475463867188 22.006559371948242188 22.1162872314453125 22.076663970947265625 21.991319656372070312 21.845014572143554688 21.302471160888671875 21.314664840698242188 21.2506561279296875 21.348192214965820312 21.524976730346679688 23.704294204711914062 23.530559539794921875 23.109935760498046875 23.02764129638671875 25.027128219604492188 24.191976547241210938 21.204935073852539062 20.40331268310546875 20.281393051147460938 20.2600555419921875 20.647151947021484375 20.915376663208007812 21.253704071044921875 21.509735107421875 21.65299224853515625
19.354799270629882812 20.88489532470703125 21.198841094970703125 21.372577667236328125 21.662136077880859375 21.567647933959960938 20.354543685913085938 17.748504638671875 19.278600692749023438 20.281393051147460938 20.604478836059570312 20.641056060791015625 21.04034423828125 21.192743301391601562 21.445728302001953125 21.924264907836914062 22.219921112060546875 22.2412567138671875 22.137622833251953125 21.771863937377929688 21.354288101196289062 21.415248870849609375 21.262847900390625 21.229320526123046875 21.110448837280273438 21.326856613159179688 21.860256195068359375 22.472904205322265625 22.01265716552734375 21.47925567626953125 21.104351043701171875 20.601430892944335938 20.458177566528320312 20.567905426025390625 20.705064773559570312 20.970241546630859375 21.369527816772460938 21.537168502807617188 21.72614288330078125 22.015705108642578125
