data/norristown_5m.asc
ncols        208
nrows        223
xllcorner    470406.491399999999
yllcorner    4439304.785899999551
dx           4.998985576923
dy           5.010468609869
[rows 0 to 17 of 223, columns 40 to 79 of 208]
27.502105712890625 27.541728973388671875 27.684984207153320312 27.627071380615234375 27.489912033081054688 27.422857284545898438 27.386280059814453125 27.340559005737304688 27.300935745239257812 27.17292022705078125 27.16072845458984375 27.2155914306640625 27.386280059814453125 27.489912033081054688 27.486864089965820312 27.459430694580078125 27.33446502685546875 26.9930877685546875 26.983943939208984375 26.977848052978515625 27.492959976196289062 27.80385589599609375 27.776422500610351562 27.77947235107421875 27.770328521728515625 27.870912551879882812 28.056840896606445312 28.3189697265625 28.3799285888671875 28.437841415405273438 28.440887451171875 28.437841415405273438 28.480512619018554688 28.492704391479492188 28.523183822631835938 28.559759140014648438 28.581094741821289062 28.587192535400390625 28.22447967529296875 28.090368270874023438
27.3649444580078125 27.380184173583984375 27.477720260620117188 27.642313003540039062 27.6362152099609375 27.441143035888671875 27.340559005737304688 27.291791915893554688 27.2643585205078125 27.203399658203125 27.175968170166015625 27.108913421630859375 27.090623855590820312 27.157678604125976562 27.17901611328125 27.236928939819335938 27.011377334594726562 26.91384124755859375 26.91384124755859375 26.98699188232421875 27.547822952270507812 27.517343521118164062 27.569158554077148438 27.53258514404296875 27.739849090576171875 27.7855682373046875 27.883104324340820312 27.995880126953125 28.090368270874023438 28.2549591064453125 28.264104843139648438 28.154376983642578125 28.148279190063476562 28.221431732177734375 28.258007049560546875 28.346399307250976562 28.395168304443359375 28.24886322021484375 27.86481475830078125 27.736799240112304688
27.59354400634765625 27.508199691772460938 27.37713623046875 27.352750778198242188 27.459430694580078125 27.508199691772460938 27.590494155883789062 27.325321197509765625 27.200351715087890625 27.175968170166015625 27.102815628051757812 27.041856765747070312 26.953464508056640625 26.84983062744140625 26.950414657592773438 26.926031112670898438 26.868120193481445312 26.840686798095703125 26.99918365478515625 27.236928939819335938 27.276552200317382812 27.23387908935546875 27.203399658203125 27.17292022705078125 27.688030242919921875 27.706319808959960938 27.7611846923828125 27.855670928955078125 28.06903076171875 27.739849090576171875 27.816049575805664062 27.688030242919921875 27.694128036499023438 27.788616180419921875 27.877008438110351562 27.97759246826171875 27.806905746459960938 27.672792434692382812 27.614879608154296875 27.496007919311523438
27.6362152099609375 27.526487350463867188 27.416759490966796875 27.307031631469726562 27.279600143432617188 27.331415176391601562 27.401519775390625 27.166822433471679688 27.17901611328125 27.105863571166992188 27.029664993286132812 26.941272735595703125 26.889455795288085938 26.822399139404296875 26.874216079711914062 26.718769073486328125 26.712671279907226562 26.798015594482421875 26.904695510864257812 26.877264022827148438 26.834592819213867188 26.983943939208984375 26.9687042236328125 27.136343002319335938 27.322271347045898438 27.33446502685546875 27.3161773681640625 27.453336715698242188 27.77947235107421875 27.425905227661132812 27.514295578002929688 27.398471832275390625 27.282648086547851562 27.224735260009765625 27.40761566162109375 27.53258514404296875 27.404569625854492188 27.349704742431640625 27.337512969970703125 27.270456314086914062
27.73070526123046875 27.6240234375 27.508199691772460938 27.380184173583984375 27.252168655395507812 27.105863571166992188 27.111959457397460938 27.057094573974609375 27.09976959228515625 27.002231597900390625 26.877264022827148438 26.898599624633789062 26.84983062744140625 26.779727935791015625 26.80106353759765625 26.72791290283203125 26.630376815795898438 26.58465576171875 26.651712417602539062 26.691335678100585938 26.86202239990234375 26.7462005615234375 26.688287734985351562 26.9930877685546875 27.002231597900390625 27.063192367553710938 27.197305679321289062 27.285694122314453125 27.081480026245117188 26.950414657592773438 27.276552200317382812 27.169872283935546875 27.054048538208007812 27.218641281127929688 27.041856765747070312 26.935176849365234375 26.916887283325195312 27.087575912475585938 27.1424407958984375 27.136343002319335938
27.733751296997070312 27.700223922729492188 27.54477691650390625 27.441143035888671875 27.310079574584960938 27.154630661010742188 27.020521163940429688 26.926031112670898438 26.941272735595703125 26.846784591674804688 26.7705841064453125 26.98699188232421875 27.124151229858398438 26.977848052978515625 26.83154296875 26.718769073486328125 26.642568588256835938 26.599895477294921875 26.5480804443359375 26.481023788452148438 26.413969039916992188 26.520648956298828125 26.660856246948242188 26.694383621215820312 26.639520645141601562 26.782777786254882812 27.0174713134765625 26.71572113037109375 26.474927902221679688 26.55417633056640625 26.673048019409179688 26.843736648559570312 27.212543487548828125 27.1912078857421875 27.124151229858398438 26.983943939208984375 26.767536163330078125 26.80106353759765625 26.8193511962890625 26.910791397094726562
27.648406982421875 27.675840377807617188 27.550870895385742188 27.465528488159179688 27.35884857177734375 27.166822433471679688 26.97480010986328125 26.90164947509765625 26.834592819213867188 26.74010467529296875 26.926031112670898438 27.124151229858398438 27.09976959228515625 27.03575897216796875 26.9687042236328125 26.709623336791992188 26.651712417602539062 26.609041213989257812 26.563320159912109375 26.474927902221679688 26.41701507568359375 26.453592300415039062 26.444448471069335938 26.441400527954101562 26.474927902221679688 26.58465576171875 26.505407333374023438 26.246328353881835938 26.28290557861328125 26.35605621337890625 26.471879959106445312 26.855928421020507812 26.956512451171875 26.941272735595703125 26.926031112670898438 26.990041732788085938 26.706577301025390625 26.599895477294921875 26.624279022216796875 26.688287734985351562
27.492959976196289062 27.511249542236328125 27.523441314697265625 27.41980743408203125 27.328369140625 27.1302490234375 26.96260833740234375 26.874216079711914062 26.761440277099609375 26.734006881713867188 27.075384140014648438 27.136343002319335938 27.014423370361328125 26.910791397094726562 26.709623336791992188 26.538936614990234375 26.666952133178710938 26.7462005615234375 26.508457183837890625 26.462736129760742188 26.41701507568359375 26.362152099609375 26.261569976806640625 26.307287216186523438 26.285951614379882812 26.319478988647460938 26.258520126342773438 26.087831497192382812 26.115264892578125 26.130504608154296875 26.279855728149414062 26.130504608154296875 26.474927902221679688 26.538936614990234375 26.523694992065429688 26.505407333374023438 26.252422332763671875 26.167079925537109375 26.36824798583984375 26.487119674682617188
27.303983688354492188 27.325321197509765625 27.352750778198242188 27.313127517700195312 27.175968170166015625 27.060144424438476562 26.9443206787109375 26.752294540405273438 26.618185043334960938 26.782777786254882812 27.054048538208007812 26.904695510864257812 26.822399139404296875 26.752294540405273438 26.493215560913085938 26.471879959106445312 26.630376815795898438 26.636472702026367188 26.6212310791015625 26.6212310791015625 26.468830108642578125 26.307287216186523438 26.255472183227539062 26.240230560302734375 26.124406814575195312 26.011631011962890625 25.968959808349609375 25.965911865234375 25.889713287353515625 25.758647918701171875 26.014678955078125 25.709878921508789062 25.79827117919921875 25.9537200927734375 26.121358871459960938 26.078687667846679688 25.810464859008789062 25.865327835083007812 26.008584976196289062 26.142694473266601562
27.066240310668945312 27.069286346435546875 27.066240310668945312 27.102815628051757812 26.990041732788085938 26.90164947509765625 26.8193511962890625 26.612087249755859375 26.496263504028320312 26.807159423828125 26.895551681518554688 26.743150711059570312 26.660856246948242188 26.477977752685546875 26.395679473876953125 26.453592300415039062 26.545030593872070312 26.52979278564453125 26.517599105834960938 26.514551162719726562 26.514551162719726562 26.4993133544921875 26.39263153076171875 26.14574432373046875 26.087831497192382812 25.996393203735351562 25.950672149658203125 25.834848403930664062 25.511758804321289062 25.405078887939453125 25.606248855590820312 25.417272567749023438 25.462991714477539062 25.569671630859375 25.71292877197265625 25.642822265625 25.432512283325195312 25.575769424438476562 25.764743804931640625 25.917142868041992188
27.063192367553710938 26.883359909057617188 26.874216079711914062 26.86202239990234375 26.794969558715820312 26.709623336791992188 26.679143905639648438 26.563320159912109375 26.688287734985351562 26.834592819213867188 26.737056732177734375 26.58465576171875 26.481023788452148438 26.380441665649414062 26.33167266845703125 26.423112869262695312 26.438350677490234375 26.410921096801757812 26.410921096801757812 26.432256698608398438 26.432256698608398438 26.42920684814453125 26.423112869262695312 26.276807785034179688 26.18841552734375 25.993343353271484375 25.91104888916015625 25.752552032470703125 25.438608169555664062 25.325830459594726562 25.060655593872070312 24.935688018798828125 24.95702362060546875 25.1490478515625 25.222200393676757812 25.216104507446289062 25.152095794677734375 25.29230499267578125 25.392887115478515625 25.688543319702148438
25.987249374389648438 26.84983062744140625 26.837640762329101562 26.724864959716796875 26.724864959716796875 26.71572113037109375 26.694383621215820312 26.724864959716796875 26.828495025634765625 26.682191848754882812 26.5480804443359375 26.389585494995117188 26.301191329956054688 26.270711898803710938 26.240230560302734375 26.322528839111328125 26.292049407958984375 26.276807785034179688 26.285951614379882812 26.285951614379882812 26.28290557861328125 26.3255767822265625 26.273759841918945312 26.258520126342773438 26.17012786865234375 26.020776748657226562 25.74950408935546875 25.517856597900390625 25.35326385498046875 25.222200393676757812 24.92044830322265625 24.768049240112304688 24.582120895385742188 24.588214874267578125 24.572977066040039062 24.603456497192382812 24.832056045532226562 25.002742767333984375 25.1368560791015625 25.29840087890625
25.206958770751953125 25.408128738403320312 26.124406814575195312 26.538936614990234375 26.71572113037109375 26.679143905639648438 26.639520645141601562 26.673048019409179688 26.569416046142578125 26.520648956298828125 26.389585494995117188 26.276807785034179688 26.237184524536132812 26.197559356689453125 26.212799072265625 26.209751129150390625 26.1762237548828125 26.173177719116210938 26.2006072998046875 26.2006072998046875 26.2006072998046875 26.15793609619140625 26.103071212768554688 26.066495895385742188 25.9293365478515625 25.853136062622070312 25.734264373779296875 25.41422271728515625 25.252679824829101562 25.075895309448242188 24.807672500610351562 24.59735870361328125 24.502872467041015625 24.435815811157226562 24.365713119506835938 24.448007583618164062 24.52420806884765625 24.676607131958007812 24.911304473876953125 25.051513671875
25.030176162719726562 25.060655593872070312 25.203912734985351562 25.746456146240234375 25.853136062622070312 25.8287506103515625 24.60955047607421875 26.420064926147460938 26.423112869262695312 26.39263153076171875 26.228040695190429688 26.240230560302734375 26.15793609619140625 26.118312835693359375 26.14574432373046875 26.115264892578125 26.081735610961914062 26.090879440307617188 26.09697723388671875 26.09697723388671875 26.087831497192382812 26.04515838623046875 25.993343353271484375 25.926286697387695312 25.78607940673828125 25.691593170166015625 25.697687149047851562 25.374599456787109375 25.283159255981445312 25.15514373779296875 24.6918487548828125 24.417528152465820312 24.502872467041015625 24.329135894775390625 24.234647750854492188 24.323040008544921875 24.3687591552734375 24.444959640502929688 24.606504440307617188 24.758905410766601562
25.054559707641601562 25.066751480102539062 25.088087081909179688 25.188671112060546875 25.283159255981445312 25.408128738403320312 24.033479690551757812 25.73731231689453125 26.020776748657226562 26.197559356689453125 26.21889495849609375 26.292049407958984375 26.1762237548828125 26.063447952270507812 25.999441146850585938 25.975055694580078125 25.956769943237304688 25.98419952392578125 25.993343353271484375 25.99029541015625 25.9415283203125 25.856184005737304688 25.834848403930664062 25.71292877197265625 25.621486663818359375 25.719022750854492188 25.658063888549804688 25.36545562744140625 25.377649307250976562 25.325830459594726562 24.64917755126953125 24.249887466430664062 24.30170440673828125 24.2468414306640625 24.027383804321289062 24.10968017578125 24.188928604125976562 24.33827972412109375 24.30170440673828125 24.572977066040039062
25.322784423828125 25.270969390869140625 25.069799423217773438 25.08199310302734375 25.091135025024414062 25.100278854370117188 25.252679824829101562 25.42641448974609375 25.234392166137695312 25.779985427856445312 26.078687667846679688 26.179271697998046875 26.212799072265625 26.093927383422851562 25.956769943237304688 25.85923004150390625 25.850088119506835938 25.85923004150390625 25.865327835083007812 25.871423721313476562 25.79827117919921875 25.71292877197265625 25.673305511474609375 25.533094406127929688 25.615392684936523438 25.71292877197265625 25.621486663818359375 25.423368453979492188 25.435558319091796875 25.100278854370117188 24.755855560302734375 23.810976028442382812 23.789640426635742188 23.817071914672851562 23.835359573364257812 24.003000259399414062 24.100536346435546875 24.2468414306640625 24.228551864624023438 24.33827972412109375
25.368505477905273438 25.405078887939453125 25.36545562744140625 25.29840087890625 25.173431396484375 25.16733551025390625 25.109422683715820312 25.176479339599609375 25.182577133178710938 25.371551513671875 25.41422271728515625 25.764743804931640625 25.938480377197265625 25.9293365478515625 26.081735610961914062 25.85923004150390625 25.767791748046875 25.7555999755859375 25.7555999755859375 25.697687149047851562 25.624536514282226562 25.542240142822265625 25.530048370361328125 25.530048370361328125 25.609294891357421875 25.706830978393554688 25.517856597900390625 25.481279373168945312 25.283159255981445312 24.975313186645507812 24.667463302612304688 23.5031280517578125 23.46045684814453125 23.518369674682617188 23.594568252563476562 23.698200225830078125 23.914608001708984375 24.188928604125976562 24.237695693969726562 24.304750442504882812
25.29230499267578125 25.325830459594726562 25.392887115478515625 25.478231430053710938 25.520904541015625 25.453847885131835938 25.325830459594726562 25.222200393676757812 25.203912734985351562 25.237440109252929688 25.344120025634765625 25.664159774780273438 25.453847885131835938 25.801321029663085938 25.792177200317382812 25.9293365478515625 25.74950408935546875 25.743408203125 25.810464859008789062 25.594057083129882812 25.5087127685546875 25.429464340209960938 25.441656112670898438 25.53919219970703125 25.603200912475585938 25.703784942626953125 25.533094406127929688 25.530048370361328125 25.124664306640625 24.777193069458007812 24.280368804931640625 23.091648101806640625 23.122127532958984375 23.268430709838867188 23.326343536376953125 23.554943084716796875 23.96642303466796875 24.0731048583984375 24.088344573974609375 24.207216262817382812
