data/Outputs5m/flood2020/Run_1.asc
ncols        208
nrows        223
xllcorner    470406.491399999999
yllcorner    4439304.785899999551
cellsize     4.998986000000
NODATA_value  nan
[rows 54 to 71 of 223, columns 0 to 40 of 208]
3.2660000324249267578 3.2780001163482666016 3.2890000343322753906 3.3020000457763671875 3.3139998912811279297 3.3280000686645507812 3.3469998836517333984 3.5390000343322753906 4.4330000877380371094 5.3340001106262207031 5.8229999542236328125 5.8340001106262207031 5.8460001945495605469 5.8600001335144042969 5.8720002174377441406 5.8839998245239257812 5.8969998359680175781 5.9130001068115234375 5.9250001907348632812 5.9380002021789550781 5.9549999237060546875 5.965000152587890625 5.9819998741149902344 5.9959998130798339844 6.0130000114440917969 6.0269999504089355469 6.0409998893737792969 6.0590000152587890625 6.0729999542236328125 6.0879998207092285156 6.1030001640319824219 6.118000030517578125 6.1339998245239257812 6.1490001678466796875 6.1680002212524414062 6.1840000152587890625 6.1999998092651367188 5.8769998550415039062 5.4609999656677246094 5.9130001068115234375 6.0910000801086425781
3.2590000629425048828 3.270999908447265625 3.2880001068115234375 3.3080000877380371094 3.3220000267028808594 3.3310000896453857422 3.3469998836517333984 3.8050000667572021484 4.6929998397827148438 5.5879998207092285156 5.8210000991821289062 5.8319997787475585938 5.8439998626708984375 5.8559999465942382812 5.868000030517578125 5.8839998245239257812 5.8969998359680175781 5.9089999198913574219 5.9260001182556152344 5.9359998703002929688 5.9520001411437988281 5.9660000801086425781 5.9829998016357421875 5.9939999580383300781 6.0110001564025878906 6.0289998054504394531 6.0430002212524414062 6.0580000877380371094 6.0729999542236328125 6.0910000801086425781 6.1030001640319824219 6.1209998130798339844 6.1370000839233398438 6.1519999504089355469 6.1680002212524414062 6.1840000152587890625 6.2030000686645507812 6.2160000801086425781 5.9920001029968261719 6.0329999923706054688 5.854000091552734375
3.2660000324249267578 3.2790000438690185547 3.2929999828338623047 3.3069999217987060547 3.3220000267028808594 3.3310000896453857422 3.3429999351501464844 4.0609998703002929688 5.1230001449584960938 5.8039999008178710938 5.8159999847412109375 5.8309998512268066406 5.8390002250671386719 5.8550000190734863281 5.8670001029968261719 5.8800001144409179688 5.8930001258850097656 5.9089999198913574219 5.9229998588562011719 5.9359998703002929688 5.9530000686645507812 5.9640002250671386719 5.9809999465942382812 5.9949998855590820312 6.0130000114440917969 6.0269999504089355469 6.04199981689453125 6.0570001602172851562 6.0720000267028808594 6.090000152587890625 6.1050000190734863281 6.1209998130798339844 6.1360001564025878906 6.1519999504089355469 6.1710000038146972656 6.1869997978210449219 6.2030000686645507812 6.2189998626708984375 6.2389998435974121094 6.2560000419616699219 6.1630001068115234375
3.2769999504089355469 3.2929999828338623047 3.2999999523162841797 3.3139998912811279297 3.3229999542236328125 3.3289999961853027344 3.4949998855590820312 4.3709998130798339844 5.4180002212524414062 5.8010001182556152344 5.8130002021789550781 5.8249998092651367188 5.8410000801086425781 5.8499999046325683594 5.8629999160766601562 5.8790001869201660156 5.8920001983642578125 5.9060001373291015625 5.9229998588562011719 5.9359998703002929688 5.9499998092651367188 5.9640002250671386719 5.979000091552734375 5.9959998130798339844 6.0110001564025878906 6.0260000228881835938 6.0440001487731933594 6.0590000152587890625 6.0739998817443847656 6.0890002250671386719 6.1050000190734863281 6.1199998855590820312 6.1360001564025878906 6.1550002098083496094 6.1710000038146972656 6.1869997978210449219 6.2059998512268066406 6.2230000495910644531 6.2389998435974121094 6.2589998245239257812 6.2789998054504394531
3.2860000133514404297 3.2990000247955322266 3.3039999008178710938 3.3090000152587890625 3.3150000572204589844 3.3250000476837158203 3.7530000209808349609 4.6170001029968261719 5.6609997749328613281 5.7979998588562011719 5.8099999427795410156 5.8229999542236328125 5.8350000381469726562 5.8480000495910644531 5.86100006103515625 5.875 5.8909997940063476562 5.9050002098083496094 5.9190001487731933594 5.9359998703002929688 5.951000213623046875 5.9619998931884765625 5.979000091552734375 5.9970002174377441406 6.0120000839233398438 6.0269999504089355469 6.04199981689453125 6.0570001602172851562 6.0729999542236328125 6.0879998207092285156 6.104000091552734375 6.1189999580383300781 6.1380000114440917969 6.1539998054504394531 6.1729998588562011719 6.1869997978210449219 6.2059998512268066406 6.2230000495910644531 6.2420001029968261719 6.2589998245239257812 6.2760000228881835938
3.2860000133514404297 3.2899999618530273438 3.2969999313354492188 3.3029999732971191406 3.3090000152587890625 3.3159999847412109375 4.1189999580383300781 4.8099999427795410156 5.7789998054504394531 5.7909998893737792969 5.8039999008178710938 5.8169999122619628906 5.83300018310546875 5.8460001945495605469 5.8569998741149902344 5.8730001449584960938 5.8870000839233398438 5.9010000228881835938 5.9159998893737792969 5.9330000877380371094 5.9479999542236328125 5.9619998931884765625 5.9770002365112304688 5.9949998855590820312 6.0100002288818359375 6.0250000953674316406 6.0399999618530273438 6.0590000152587890625 6.0710000991821289062 6.090000152587890625 6.1059999465942382812 6.1220002174377441406 6.1380000114440917969 6.1539998054504394531 6.1729998588562011719 6.1890001296997070312 6.2059998512268066406 6.2220001220703125 6.2449998855590820312 6.2589998245239257812 6.2760000228881835938
3.2780001163482666016 3.2820000648498535156 3.2899999618530273438 3.2960000038146972656 3.3029999732971191406 3.5629999637603759766 4.4159998893737792969 5.104000091552734375 5.7750000953674316406 5.7870001792907714844 5.8000001907348632812 5.8140001296997070312 5.8270001411437988281 5.8439998626708984375 5.8550000190734863281 5.8689999580383300781 5.8860001564025878906 5.9010000228881835938 5.9149999618530273438 5.9330000877380371094 5.9479999542236328125 5.9619998931884765625 5.9770002365112304688 5.993000030517578125 6.0110001564025878906 6.0229997634887695312 6.0390000343322753906 6.0570001602172851562 6.0729999542236328125 6.0890002250671386719 6.1050000190734863281 6.1209998130798339844 6.1370000839233398438 6.1529998779296875 6.1719999313354492188 6.1890001296997070312 6.2049999237060546875 6.2249999046325683594 6.2449998855590820312 6.2620000839233398438 6.2789998054504394531
3.2760000228881835938 3.2769999504089355469 3.2820000648498535156 3.2850000858306884766 3.2920000553131103516 3.8129999637603759766 4.6560001373291015625 5.5100002288818359375 5.7670001983642578125 5.7800002098083496094 5.7969999313354492188 5.8099999427795410156 5.8239998817443847656 5.8379998207092285156 5.8530001640319824219 5.8670001029968261719 5.881999969482421875 5.8990001678466796875 5.9109997749328613281 5.9289999008178710938 5.9439997673034667969 5.9590001106262207031 5.9780001640319824219 5.9899997711181640625 6.0089998245239257812 6.0240001678466796875 6.0399999618530273438 6.0549998283386230469 6.0710000991821289062 6.0869998931884765625 6.1030001640319824219 6.1230001449584960938 6.13899993896484375 6.1550002098083496094 6.1719999313354492188 6.1880002021789550781 6.20800018310546875 6.2249999046325683594 6.2449998855590820312 6.2620000839233398438 6.2789998054504394531
3.2669999599456787109 3.2679998874664306641 3.2730000019073486328 3.2760000228881835938 3.2809998989105224609 4.1009998321533203125 4.8909997940063476562 5.7420001029968261719 5.7620000839233398438 5.7750000953674316406 5.7930002212524414062 5.8070001602172851562 5.8210000991821289062 5.8359999656677246094 5.8499999046325683594 5.8649997711181640625 5.8800001144409179688 5.8949999809265136719 5.9130001068115234375 5.9289999008178710938 5.9439997673034667969 5.9590001106262207031 5.9749999046325683594 5.9899997711181640625 6.0060000419616699219 6.0219998359680175781 6.0380001068115234375 6.0539999008178710938 6.0700001716613769531 6.0890002250671386719 6.1020002365112304688 6.1209998130798339844 6.1380000114440917969 6.1539998054504394531 6.173999786376953125 6.1900000572204589844 6.2069997787475585938 6.2239999771118164062 6.2439999580383300781 6.2649998664855957031 6.2820000648498535156
3.256999969482421875 3.256999969482421875 3.2590000629425048828 3.2630000114440917969 3.4549999237060546875 4.2880001068115234375 5.1269998550415039062 5.7420001029968261719 5.7560000419616699219 5.7670001983642578125 5.784999847412109375 5.8000001907348632812 5.8150000572204589844 5.8299999237060546875 5.8449997901916503906 5.8629999160766601562 5.8759999275207519531 5.8940000534057617188 5.9089999198913574219 5.9250001907348632812 5.9409999847412109375 5.9559998512268066406 5.9720001220703125 5.9879999160766601562 6.0040001869201660156 6.0199999809265136719 6.0390000343322753906 6.0520000457763671875 6.0679998397827148438 6.0869998931884765625 6.0999999046325683594 6.1199998855590820312 6.1360001564025878906 6.1560001373291015625 6.1729998588562011719 6.1900000572204589844 6.2100000381469726562 6.2270002365112304688 6.2470002174377441406 6.26399993896484375 6.2839999198913574219
3.2439999580383300781 3.2420001029968261719 3.243000030517578125 3.2479999065399169922 3.7890000343322753906 4.73600006103515625 5.4029998779296875 5.7319998741149902344 5.75 5.7620000839233398438 5.7810001373291015625 5.7930002212524414062 5.8119997978210449219 5.8239998817443847656 5.8420000076293945312 5.8579998016357421875 5.8740000724792480469 5.8930001258850097656 5.9050002098083496094 5.923999786376953125 5.9400000572204589844 5.9530000686645507812 5.9720001220703125 5.9879999160766601562 6.0040001869201660156 6.0199999809265136719 6.0359997749328613281 6.0529999732971191406 6.0689997673034667969 6.0859999656677246094 6.1020002365112304688 6.1189999580383300781 6.1380000114440917969 6.1550002098083496094 6.1719999313354492188 6.1890001296997070312 6.2090001106262207031 6.229000091552734375 6.2459998130798339844 6.2630000114440917969 6.2839999198913574219
3.2330000400543212891 3.2219998836517333984 3.2239999771118164062 3.2300000190734863281 3.9730000495910644531 4.9619998931884765625 5.6269998550415039062 5.7249999046325683594 5.7410001754760742188 5.756999969482421875 5.7740001678466796875 5.7890000343322753906 5.8049998283386230469 5.8210000991821289062 5.8369998931884765625 5.8530001640319824219 5.8720002174377441406 5.9340000152587890625 5.6700000762939453125 5.5609998703002929688 5.9120001792907714844 5.9499998092651367188 5.9689998626708984375 5.9850001335144042969 6.0019998550415039062 6.0180001258850097656 6.0339999198913574219 6.0510001182556152344 6.0669999122619628906 6.0840001106262207031 6.0999999046325683594 6.1199998855590820312 6.1370000839233398438 6.1570000648498535156 6.1710000038146972656 6.1880002021789550781 6.20800018310546875 6.2280001640319824219 6.2480001449584960938 6.2659997940063476562 6.2859997749328613281
7.6009998321533203125 7.6100001335144042969 7.6189999580383300781 7.6279997825622558594 4.1519999504089355469 5.1399998664855957031 5.7020001411437988281 5.715000152587890625 5.7340002059936523438 5.7519998550415039062 5.7699999809265136719 5.7829999923706054688 5.8020000457763671875 5.8179998397827148438 5.8309998512268066406 5.8480000495910644531 5.8340001106262207031 5.8559999465942382812 5.7540001869201660156 5.4959998130798339844 5.9330000877380371094 5.9470000267028808594 5.9660000801086425781 5.9819998741149902344 5.9990000724792480469 6.0149998664855957031 6.0320000648498535156 6.0520000457763671875 6.0650000572204589844 6.0850000381469726562 6.1020002365112304688 6.1189999580383300781 6.1350002288818359375 6.1550002098083496094 6.1719999313354492188 6.1890001296997070312 6.2100000381469726562 6.2270002365112304688 6.2470002174377441406 6.2649998664855957031 6.284999847412109375
3.2320001125335693359 3.2200000286102294922 3.2190001010894775391 7.6370000839233398438 7.645999908447265625 7.6550002098083496094 7.6630001068115234375 7.6719999313354492188 7.6810002326965332031 5.7459998130798339844 5.76399993896484375 5.7800002098083496094 5.7950000762939453125 5.8109998703002929688 5.8270001411437988281 5.8460001945495605469 5.6160001754760742188 5.8249998092651367188 5.895999908447265625 5.9159998893737792969 5.9330000877380371094 5.9470000267028808594 5.9629998207092285156 5.9800000190734863281 5.9990000724792480469 6.0130000114440917969 6.0329999923706054688 6.048999786376953125 6.0659999847412109375 6.08300018310546875 6.0999999046325683594 6.1199998855590820312 6.1370000839233398438 6.1539998054504394531 6.1710000038146972656 6.1880002021789550781 6.2090001106262207031 6.229000091552734375 6.2490000724792480469 6.2670001983642578125 6.2839999198913574219
3.2439999580383300781 3.2400000095367431641 3.2390000820159912109 4.0510001182556152344 4.6919999122619628906 5.6579999923706054688 5.7109999656677246094 5.7230000495910644531 7.6900000572204589844 7.6989998817443847656 7.70800018310546875 7.7170000076293945312 7.7259998321533203125 7.7350001335144042969 7.7439999580383300781 5.8439998626708984375 5.5910000801086425781 5.8759999275207519531 5.8949999809265136719 5.9109997749328613281 5.9289999008178710938 5.9439997673034667969 5.9629998207092285156 5.9800000190734863281 5.9959998130798339844 6.0130000114440917969 6.0300002098083496094 6.0469999313354492188 6.0640001296997070312 6.0809998512268066406 6.0980000495910644531 6.118000030517578125 6.1360001564025878906 6.1529998779296875 6.1700000762939453125 6.1900000572204589844 6.2100000381469726562 6.2280001640319824219 6.2480001449584960938 6.2659997940063476562 6.2859997749328613281
3.2590000629425048828 3.2579998970031738281 3.4040000438690185547 4.3509998321533203125 5.145999908447265625 5.715000152587890625 5.7270002365112304688 5.7379999160766601562 5.75 5.7630000114440917969 5.7769999504089355469 5.7899999618530273438 5.8039999008178710938 5.8179998397827148438 7.7529997825622558594 7.7620000839233398438 7.7719998359680175781 7.7810001373291015625 7.7899999618530273438 7.798999786376953125 5.8660001754760742188 5.8439998626708984375 5.9609999656677246094 5.9770002365112304688 5.993000030517578125 6.0130000114440917969 6.0310001373291015625 6.0479998588562011719 6.0650000572204589844 6.0819997787475585938 6.0960001945495605469 6.1170001029968261719 6.1339998245239257812 6.1539998054504394531 6.1680002212524414062 6.1919999122619628906 6.2090001106262207031 6.2259998321533203125 6.2470002174377441406 6.2680001258850097656 6.284999847412109375
3.2739999294281005859 3.2739999294281005859 3.4059998989105224609 4.4470000267028808594 5.3189997673034667969 5.7340002059936523438 5.7449998855590820312 5.7560000419616699219 5.7649998664855957031 5.7769999504089355469 5.7899999618530273438 5.8029999732971191406 5.8169999122619628906 5.8299999237060546875 5.8429999351501464844 5.8569998741149902344 5.8720002174377441406 5.8860001564025878906 5.9029998779296875 7.8080000877380371094 7.8179998397827148438 7.8270001411437988281 7.8359999656677246094 7.8460001945495605469 7.8550000190734863281 7.8649997711181640625 6.0289998054504394531 6.0469999313354492188 6.0640001296997070312 6.0799999237060546875 6.0789999961853027344 5.8470001220703125 5.5749998092651367188 5.7259998321533203125 6.0180001258850097656 6.1900000572204589844 6.2100000381469726562 6.2280001640319824219 6.2490000724792480469 6.2659997940063476562 6.2870001792907714844
3.2899999618530273438 3.2899999618530273438 3.3519999980926513672 4.4060001373291015625 5.2960000038146972656 5.75 5.7600002288818359375 5.770999908447265625 5.7829999923706054688 5.7909998893737792969 5.8039999008178710938 5.8159999847412109375 5.8289999961853027344 5.8420000076293945312 5.8590002059936523438 5.4520001411437988281 5.3099999427795410156 5.5460000038146972656 5.6339998245239257812 5.7820000648498535156 5.9419999122619628906 5.9539999961853027344 5.9720001220703125 5.9869999885559082031 6.0019998550415039062 7.8740000724792480469 7.8829998970031738281 7.8930001258850097656 7.9019999504089355469 7.9120001792907714844 7.9219999313354492188 5.7519998550415039062 5.5199999809265136719 5.2589998245239257812 5.4670000076293945312 6.1880002021789550781 6.20800018310546875 6.2270002365112304688 6.2449998855590820312 6.2649998664855957031 6.2859997749328613281
