data/Outputs5m/flood2020/Run_1.asc
ncols        208
nrows        223
xllcorner    470406.491399999999
yllcorner    4439304.785899999551
cellsize     4.998986000000
NODATA_value  nan
[rows 144 to 161 of 223, columns 82 to 122 of 208]
0.67400002479553222656 0.62699997425079345703 0.85600000619888305664 0.82700002193450927734 0.85600000619888305664 0.91500002145767211914 1.0599999427795410156 1.2289999723434448242 1.4529999494552612305 1.5759999752044677734 1.6720000505447387695 1.7829999923706054688 1.8519999980926513672 1.886999964714050293 1.9589999914169311523 1.8450000286102294922 1.8530000448226928711 1.879999995231628418 1.9160000085830688477 1.8079999685287475586 1.3930000066757202148 1.5779999494552612305 1.5349999666213989258 1.620000004768371582 1.4739999771118164062 2.0039999485015869141 1.6870000362396240234 1.7180000543594360352 1.7610000371932983398 1.9199999570846557617 1.9689999818801879883 1.2719999551773071289 0.96799999475479125977 1.3289999961853027344 1.0740000009536743164 1.0449999570846557617 1.3020000457763671875 1.4650000333786010742 1.4340000152587890625 2.1089999675750732422 2.3280000686645507812
0.54799997806549072266 0.89399999380111694336 0.89800000190734863281 0.96899998188018798828 0.64499998092651367188 0.93800002336502075195 0.98799997568130493164 1.1239999532699584961 1.3780000209808349609 1.4830000400543212891 1.4630000591278076172 1.5720000267028808594 1.7439999580383300781 1.8669999837875366211 2.0399999618530273438 1.9010000228881835938 1.8059999942779541016 1.8140000104904174805 1.9349999427795410156 1.8669999837875366211 1.5829999446868896484 1.5360000133514404297 1.5820000171661376953 1.6390000581741333008 1.6050000190734863281 1.2819999456405639648 1.4379999637603759766 1.8519999980926513672 1.2369999885559082031 1.6150000095367431641 1.886999964714050293 1.3910000324249267578 1.0349999666213989258 1.1610000133514404297 0.72600001096725463867 0.87999999523162841797 1.2289999723434448242 1.3580000400543212891 1.2840000391006469727 1.8430000543594360352 2.354000091552734375
0.59799998998641967773 0.84399998188018798828 0.75400000810623168945 0.88599997758865356445 0.93300002813339233398 1.0650000572204589844 0.91399997472763061523 1.0399999618530273438 1.4409999847412109375 1.4149999618530273438 1.3400000333786010742 1.3930000066757202148 1.5900000333786010742 1.7159999608993530273 1.9190000295639038086 1.8600000143051147461 1.8530000448226928711 1.9220000505447387695 1.9329999685287475586 2.0720000267028808594 2.0889999866485595703 2.1129999160766601562 1.9850000143051147461 1.7829999923706054688 1.6150000095367431641 1.3949999809265136719 1.2180000543594360352 1.6480000019073486328 1.5809999704360961914 1.2740000486373901367 1.4240000247955322266 1.625 1.7020000219345092773 1.7180000543594360352 1.7220000028610229492 1.7810000181198120117 1.5180000066757202148 1.7899999618530273438 1.9689999818801879883 2.1019999980926513672 2.0580000877380371094
0.92000001668930053711 0.93999999761581420898 0.77999997138977050781 0.6470000147819519043 0.74599999189376831055 0.92400002479553222656 1.2599999904632568359 1.243000030517578125 1.4819999933242797852 1.3339999914169311523 1.2070000171661376953 1.3179999589920043945 1.5299999713897705078 1.6809999942779541016 1.8409999608993530273 1.8150000572204589844 1.8689999580383300781 2.0350000858306884766 2.1349999904632568359 2.1489999294281005859 2.13899993896484375 2.1259999275207519531 2.1559998989105224609 2.2249999046325683594 2.0239999294281005859 2.0020000934600830078 1.8949999809265136719 1.4040000438690185547 1.2400000095367431641 0.8159999847412109375 1 1.6219999790191650391 1.7630000114440917969 1.9160000085830688477 1.9659999608993530273 1.741000056266784668 1.5199999809265136719 1.5360000133514404297 1.8339999914169311523 2.0699999332427978516 2.0079998970031738281
1.0529999732971191406 1 0.83999997377395629883 0.76800000667572021484 0.80299997329711914062 0.90200001001358032227 1.25 1.4029999971389770508 1.4290000200271606445 1.363000035285949707 1.1419999599456787109 1.258999943733215332 1.4700000286102294922 1.6480000019073486328 1.7840000391006469727 1.7400000095367431641 1.8150000572204589844 1.9019999504089355469 2.1380000114440917969 2.1740000247955322266 2.1700000762939453125 2.1540000438690185547 2.1860001087188720703 2.2439999580383300781 2.3190000057220458984 2.368000030517578125 2.3099999427795410156 1.8339999914169311523 1.7940000295639038086 1.493000030517578125 1.5299999713897705078 1.5599999427795410156 1.8020000457763671875 1.9340000152587890625 1.7209999561309814453 1.6460000276565551758 1.5740000009536743164 1.5390000343322753906 1.758999943733215332 1.9529999494552612305 1.9340000152587890625
1.1050000190734863281 1.0549999475479125977 0.94599997997283935547 0.94400000572204589844 0.94199997186660766602 0.94300001859664916992 1.1940000057220458984 1.4140000343322753906 1.3569999933242797852 1.2730000019073486328 1.2009999752044677734 1.2230000495910644531 1.3559999465942382812 1.5520000457763671875 1.7269999980926513672 1.7280000448226928711 1.7180000543594360352 1.9179999828338623047 2.13899993896484375 2.1500000953674316406 1.7369999885559082031 1.8830000162124633789 1.9550000429153442383 2.1400001049041748047 2.3129999637603759766 2.3250000476837158203 2.4470000267028808594 2.4549999237060546875 2.5859999656677246094 2.5739998817443847656 2.3580000400543212891 1.5599999427795410156 1.5880000591278076172 1.9019999504089355469 1.3300000429153442383 1.8459999561309814453 1.7740000486373901367 1.6069999933242797852 1.7059999704360961914 1.991000056266784668 1.8899999856948852539
1.1139999628067016602 1.133999943733215332 1.0740000009536743164 1.0959999561309814453 1.0629999637603759766 1.0549999475479125977 1.1619999408721923828 1.3669999837875366211 1.1119999885559082031 1.0850000381469726562 1.0950000286102294922 1.2699999809265136719 1.2960000038146972656 1.4739999771118164062 1.6610000133514404297 1.6679999828338623047 1.6790000200271606445 1.6649999618530273438 2.1029999256134033203 2.0980000495910644531 1.3930000066757202148 1.5080000162124633789 1.631999969482421875 1.8600000143051147461 2.1150000095367431641 2.3129999637603759766 2.4370000362396240234 2.479000091552734375 2.5399999618530273438 2.5190000534057617188 2.6410000324249267578 2.1080000400543212891 1.8789999485015869141 1.9650000333786010742 1.7309999465942382812 1.8359999656677246094 1.4919999837875366211 1.5850000381469726562 1.6870000362396240234 2.01399993896484375 2.4489998817443847656
1.1150000095367431641 1.125 1.1469999551773071289 1.2180000543594360352 1.1940000057220458984 1.1390000581741333008 1.1790000200271606445 1.3049999475479125977 1.2200000286102294922 1.1870000362396240234 1.1790000200271606445 1.2680000066757202148 1.3209999799728393555 1.3980000019073486328 1.5880000591278076172 1.5959999561309814453 1.6030000448226928711 1.0529999732971191406 2.0699999332427978516 1.4589999914169311523 1.2230000495910644531 1.1330000162124633789 1.3059999942779541016 1.5329999923706054688 1.8739999532699584961 2.1140000820159912109 2.3180000782012939453 2.4300000667572021484 2.5520000457763671875 2.5329999923706054688 2.6189999580383300781 2.6710000038146972656 2.6710000038146972656 2.6099998950958251953 2.1480000019073486328 1.8159999847412109375 1.8960000276565551758 1.7999999523162841797 1.8099999427795410156 2.4760000705718994141 2.8159999847412109375
1.0529999732971191406 1.0620000362396240234 1.1499999761581420898 1.1440000534057617188 1.1690000295639038086 1.2139999866485595703 1.2660000324249267578 1.3339999914169311523 0.75499999523162841797 0.98100000619888305664 1.1310000419616699219 1.1590000391006469727 1.2580000162124633789 1.3710000514984130859 1.5099999904632568359 1.5199999809265136719 1.5299999713897705078 0.98900002241134643555 0.8379999995231628418 0.8460000157356262207 0.86000001430511474609 1.0390000343322753906 1.2690000534057617188 1.5520000457763671875 1.7849999666213989258 1.9279999732971191406 2.0920000076293945312 2.25 2.395999908447265625 2.4839999675750732422 2.5989999771118164062 2.7490000724792480469 2.6730000972747802734 2.6150000095367431641 2.6400001049041748047 2.8480000495910644531 2.8910000324249267578 2.7000000476837158203 2.7869999408721923828 2.6689999103546142578 2.6619999408721923828
0.92100000381469726562 0.95399999618530273438 1.0470000505447387695 1.1499999761581420898 1.1950000524520874023 1.2560000419616699219 1.2740000486373901367 1.3320000171661376953 1.1859999895095825195 1.2350000143051147461 1.0499999523162841797 1.0319999456405639648 1.2400000095367431641 1.3509999513626098633 1.4769999980926513672 1.4630000591278076172 1.2960000038146972656 1.0720000267028808594 0.96700000762939453125 0.95300000905990600586 0.79299998283386230469 0.99299997091293334961 1.2230000495910644531 1.4229999780654907227 1.6349999904632568359 1.7810000181198120117 1.9720000028610229492 2.1329998970031738281 2.2269999980926513672 2.2909998893737792969 2.4059998989105224609 2.5889999866485595703 2.6870000362396240234 2.6749999523162841797 2.7330000400543212891 2.8740000724792480469 2.9079999923706054688 2.9700000286102294922 3.0739998817443847656 2.8139998912811279297 2.5769999027252197266
0.74099999666213989258 0.79600000381469726562 0.89499998092651367188 0.98799997568130493164 1.0779999494552612305 1.2089999914169311523 1.2330000400543212891 1.3789999485015869141 1.3240000009536743164 1.2730000019073486328 1.2879999876022338867 1.2070000171661376953 1.0700000524520874023 1.2050000429153442383 1.3860000371932983398 1.3780000209808349609 1.2960000038146972656 1.2180000543594360352 1.116000056266784668 1.0199999809265136719 0.75599998235702514648 0.96499997377395629883 1.133999943733215332 1.2819999456405639648 1.4700000286102294922 1.6000000238418579102 1.7910000085830688477 1.9680000543594360352 2.0639998912811279297 2.0980000495910644531 2.2130000591278076172 2.3559999465942382812 2.4260001182556152344 2.5539999008178710938 2.7400000095367431641 2.8929998874664306641 2.9210000038146972656 3.0230000019073486328 3.0390000343322753906 3.0639998912811279297 3.1270000934600830078
0.61799997091293334961 0.68099999427795410156 0.73900002241134643555 0.81000000238418579102 0.92100000381469726562 1.0269999504089355469 1.0850000381469726562 1.1549999713897705078 1.254999995231628418 1.2159999608993530273 1.2680000066757202148 1.258999943733215332 1.2079999446868896484 1.1569999456405639648 1.2580000162124633789 1.261999964714050293 1.2170000076293945312 1.1970000267028808594 1.1560000181198120117 0.98900002241134643555 0.71899998188018798828 0.87300002574920654297 0.97200000286102294922 1.131999969482421875 1.3539999723434448242 1.4839999675750732422 1.6720000505447387695 1.8020000457763671875 1.8619999885559082031 1.9040000438690185547 2.0590000152587890625 2.1719999313354492188 2.2720000743865966797 2.3789999485015869141 2.5409998893737792969 2.7049999237060546875 2.8519999980926513672 3.0109999179840087891 3.0239999294281005859 3.0650000572204589844 3.1089999675750732422
0.40500000119209289551 0.50700002908706665039 0.55500000715255737305 0.62800002098083496094 0.68099999427795410156 0.71399998664855957031 0.76899999380111694336 0.875 0.9779999852180480957 0.99699997901916503906 1.0640000104904174805 1.0920000076293945312 1.0950000286102294922 1.0529999732971191406 1.0329999923706054688 1.0700000524520874023 1.0590000152587890625 0.96200001239776611328 0.91799998283386230469 0.81499999761581420898 0.65799999237060546875 0.69300001859664916992 0.79199999570846557617 0.95200002193450927734 1.1399999856948852539 1.2999999523162841797 1.491000056266784668 1.6030000448226928711 1.6169999837875366211 1.6890000104904174805 1.7829999923706054688 1.8439999818801879883 1.9620000123977661133 2.13899993896484375 2.2730000019073486328 2.4960000514984130859 2.6340000629425048828 2.6159999370574951172 2.7599999904632568359 3.0350000858306884766 3.145999908447265625
0.45300000905990600586 0.3680000007152557373 0.41499999165534973145 0.42100000381469726562 0.51700001955032348633 0.62000000476837158203 0.65100002288818359375 0.6840000152587890625 0.72000002861022949219 0.84200000762939453125 0.93599998950958251953 0.9120000004768371582 0.91299998760223388672 0.97699999809265136719 0.86199998855590820312 0.97899997234344482422 1.0160000324249267578 0.93500000238418579102 0.81699997186660766602 0.71399998664855957031 0.62699997425079345703 0.61299997568130493164 0.70300000905990600586 0.83200001716613769531 1.0230000019073486328 1.1829999685287475586 1.3580000400543212891 1.4060000181198120117 1.4140000343322753906 1.5319999456405639648 1.6289999485015869141 1.6710000038146972656 1.7840000391006469727 1.9509999752044677734 2.1280000209808349609 2.3199999332427978516 2.4000000953674316406 2.3849999904632568359 2.5099999904632568359 2.5480000972747802734 3.0429999828338623047
0.48500001430511474609 0.25600001215934753418 0.30300000309944152832 0.24799999594688415527 0.27399998903274536133 0.48399999737739562988 0.52700001001358032227 0.58399999141693115234 0.64999997615814208984 0.72600001096725463867 0.72299998998641967773 0.70800000429153442383 0.69900000095367431641 0.83099997043609619141 0.8159999847412109375 0.91799998283386230469 0.87300002574920654297 0.9039999842643737793 0.91100001335144042969 0.83899998664855957031 0.5960000157356262207 0.56400001049041748047 0.59799998998641967773 0.65100002288818359375 0.84200000762939453125 1.0629999637603759766 1.2259999513626098633 1.2460000514984130859 1.2539999485015869141 1.3359999656677246094 1.4140000343322753906 1.4559999704360961914 1.6169999837875366211 1.8209999799728393555 2.0220000743865966797 2.1800000667572021484 2.1080000400543212891 2.1510000228881835938 2.1970000267028808594 2.3010001182556152344 2.3420000076293945312
0.44200000166893005371 0.24400000274181365967 0.043000001460313796997 0.0010000000474974513054 0 0.19599999487400054932 0.36899998784065246582 0.41400000452995300293 0.47400000691413879395 0.54900002479553222656 0.58600002527236938477 0.60699999332427978516 0.6470000147819519043 0.70300000905990600586 0.73400002717971801758 0.8379999995231628418 0.94300001859664916992 1.2180000543594360352 1.5449999570846557617 1.1679999828338623047 0.60799998044967651367 0.51099997758865356445 0.54600000381469726562 0.59200000762939453125 0.6909999847412109375 0.85100001096725463867 0.95300000905990600586 1.0010000467300415039 1.011999964714050293 1.1019999980926513672 1.131999969482421875 1.1890000104904174805 1.3339999914169311523 1.629999995231628418 1.8240000009536743164 1.9490000009536743164 1.756999969482421875 1.7879999876022338867 1.8220000267028808594 1.8589999675750732422 1.9149999618530273438
0.18199999630451202393 0.32699999213218688965 0.30799999833106994629 0.28200000524520874023 0.29600000381469726562 0.29199999570846557617 0.31400001049041748047 0.34299999475479125977 0.35800001025199890137 0.40299999713897705078 0.44200000166893005371 0.46700000762939453125 0.51899999380111694336 0.51999998092651367188 0.58099997043609619141 0.62199997901916503906 0.58300000429153442383 0.68099999427795410156 0.64800000190734863281 1.0659999847412109375 0.75300002098083496094 0.45800000429153442383 0.4930000007152557373 0.53899997472763061523 0.58600002527236938477 0.73100000619888305664 0.79000002145767211914 0.80099999904632568359 0.8090000152587890625 0.88999998569488525391 0.94300001859664916992 1.0460000038146972656 1.2250000238418579102 1.5199999809265136719 1.6360000371932983398 1.6569999456405639648 1.4650000333786010742 1.5410000085830688477 1.5779999494552612305 1.629999995231628418 1.633999943733215332
0.18600000441074371338 0.27000001072883605957 0.23399999737739562988 0.21400000154972076416 0.22499999403953552246 0.22800000011920928955 0.26899999380111694336 0.32100000977516174316 0.33599999547004699707 0.35100001096725463867 0.31099998950958251953 0.31700000166893005371 0.36000001430511474609 0.44900000095367431641 0.48100000619888305664 0.5 0.50400000810623168945 0.51899999380111694336 0.51700001955032348633 0.58999997377395629883 0.4930000007152557373 0.42699998617172241211 0.44600000977516174316 0.49200001358985900879 0.52999997138977050781 0.5590000152587890625 0.55699998140335083008 0.59799998998641967773 0.62400001287460327148 0.65299999713897705078 0.66100001335144042969 0.86100000143051147461 1.0609999895095825195 1.3559999465942382812 1.4470000267028808594 1.3250000476837158203 1.1720000505447387695 1.1629999876022338867 1.2400000095367431641 1.3309999704360961914 1.2860000133514404297
