data/Outputs5m/flood2020/Run_1.asc
ncols        208
nrows        223
xllcorner    470406.491399999999
yllcorner    4439304.785899999551
cellsize     4.998986000000
NODATA_value  nan
[rows 90 to 107 of 223, columns 41 to 81 of 208]
6.45800018310546875 6.4759998321533203125 6.4980001449584960938 6.5199999809265136719 6.5430002212524414062 6.5619997978210449219 6.5850000381469726562 6.604000091552734375 6.6259999275207519531 6.645999908447265625 6.6680002212524414062 6.6869997978210449219 6.7059998512268066406 6.7270002365112304688 6.7490000724792480469 6.7670001983642578125 6.7880001068115234375 6.8029999732971191406 6.8239998817443847656 6.8420000076293945312 6.8629999160766601562 6.8800001144409179688 6.8949999809265136719 6.9089999198913574219 6.9260001182556152344 6.9439997673034667969 6.95800018310546875 6.9749999046325683594 6.9889998435974121094 7.0029997825622558594 7.0199999809265136719 7.0339999198913574219 7.0510001182556152344 7.0650000572204589844 7.0789999961853027344 7.0960001945495605469 7.11100006103515625 7.1279997825622558594 7.1420001983642578125 7.1560001373291015625 7.1710000038146972656
6.4640002250671386719 6.48600006103515625 6.5050001144409179688 6.5279998779296875 6.5539999008178710938 6.5710000991821289062 6.5939998626708984375 6.6160001754760742188 6.6360001564025878906 6.6560001373291015625 6.6779999732971191406 6.6970000267028808594 6.7170000076293945312 6.7420001029968261719 6.7600002288818359375 6.7789998054504394531 6.8000001907348632812 6.8179998397827148438 6.8390002250671386719 6.854000091552734375 6.875 6.8930001258850097656 6.9070000648498535156 6.923999786376953125 6.9390001296997070312 6.9559998512268066406 6.9699997901916503906 6.9869999885559082031 7.0009999275207519531 7.0180001258850097656 7.0320000648498535156 7.0460000038146972656 7.0640001296997070312 7.0780000686645507812 7.0949997901916503906 7.1090002059936523438 7.1230001449584960938 7.1399998664855957031 7.1550002098083496094 7.1719999313354492188 7.1859998703002929688
6.4730000495910644531 6.493000030517578125 6.5120000839233398438 6.534999847412109375 6.5619997978210449219 6.5819997787475585938 6.6030001640319824219 6.6259999275207519531 6.6490001678466796875 6.6690001487731933594 6.6890001296997070312 6.7109999656677246094 6.7280001640319824219 6.7529997825622558594 6.7719998359680175781 6.7940001487731933594 6.8119997978210449219 6.8299999237060546875 6.8520002365112304688 6.8689999580383300781 6.8899998664855957031 6.9050002098083496094 6.9219999313354492188 6.9369997978210449219 6.951000213623046875 6.9679999351501464844 6.9850001335144042969 7 7.01399993896484375 7.0310001373291015625 7.0450000762939453125 7.0619997978210449219 7.076000213623046875 7.0929999351501464844 7.1069998741149902344 7.1209998130798339844 7.1350002288818359375 7.1529998779296875 7.1700000762939453125 7.1840000152587890625 7.1989998817443847656
6.479000091552734375 6.5019998550415039062 6.5219998359680175781 6.5460000038146972656 6.5700001716613769531 6.5939998626708984375 6.6149997711181640625 6.6350002288818359375 6.6589999198913574219 6.6799998283386230469 6.6999998092651367188 6.7230000495910644531 6.7420001029968261719 6.7649998664855957031 6.7839999198913574219 6.8090000152587890625 6.8239998817443847656 6.8460001945495605469 6.8639998435974121094 6.8850002288818359375 6.9029998779296875 6.91699981689453125 6.9349999427795410156 6.9489998817443847656 6.9670000076293945312 6.9840002059936523438 6.9980001449584960938 7.0120000839233398438 7.0260000228881835938 7.0430002212524414062 7.0599999427795410156 7.0739998817443847656 7.0910000801086425781 7.1050000190734863281 7.1199998855590820312 7.1370000839233398438 7.1510000228881835938 7.1649999618530273438 7.1820001602172851562 7.1970000267028808594 7.2140002250671386719
6.4840002059936523438 6.506999969482421875 6.5310001373291015625 6.5529999732971191406 6.5770001411437988281 6.6020002365112304688 6.6240000724792480469 6.6449999809265136719 6.6690001487731933594 6.6929998397827148438 6.7140002250671386719 6.7369999885559082031 6.756999969482421875 6.7789998054504394531 6.798999786376953125 6.8210000991821289062 6.840000152587890625 6.8579998016357421875 6.8759999275207519531 6.8969998359680175781 6.9180002212524414062 6.9299998283386230469 6.9470000267028808594 6.965000152587890625 6.979000091552734375 6.9959998130798339844 7.0100002288818359375 7.0279998779296875 7.04199981689453125 7.0560002326965332031 7.0729999542236328125 7.0869998931884765625 7.104000091552734375 7.118000030517578125 7.1350002288818359375 7.1490001678466796875 7.1630001068115234375 7.1799998283386230469 7.1950001716613769531 7.2090001106262207031 7.2259998321533203125
6.4920001029968261719 6.5130000114440917969 6.5370001792907714844 6.5590000152587890625 6.5850000381469726562 6.61100006103515625 6.6360001564025878906 6.6579999923706054688 6.6830000877380371094 6.7039999961853027344 6.7249999046325683594 6.7490000724792480469 6.7690000534057617188 6.7950000762939453125 6.8109998703002929688 6.83300018310546875 6.8520002365112304688 6.8709998130798339844 6.8920001983642578125 6.909999847412109375 6.9310002326965332031 6.9429998397827148438 6.9600000381469726562 6.9780001640319824219 6.9920001029968261719 7.0089998245239257812 7.0229997634887695312 7.0399999618530273438 7.0539999008178710938 7.0679998397827148438 7.0850000381469726562 7.1020002365112304688 7.1160001754760742188 7.1300001144409179688 7.1469998359680175781 7.1609997749328613281 7.1789999008178710938 7.1929998397827148438 7.2069997787475585938 7.2239999771118164062 7.2389998435974121094
6.4959998130798339844 6.5199999809265136719 6.5430002212524414062 6.5720000267028808594 6.5949997901916503906 6.6220002174377441406 6.645999908447265625 6.6690001487731933594 6.6939997673034667969 6.7189998626708984375 6.7399997711181640625 6.7610001564025878906 6.7839999198913574219 6.8039999008178710938 6.8239998817443847656 6.8460001945495605469 6.868000030517578125 6.8870000839233398438 6.9050002098083496094 6.9260001182556152344 6.9439997673034667969 6.9590001106262207031 6.9759998321533203125 6.9899997711181640625 7.006999969482421875 7.0219998359680175781 7.0359997749328613281 7.0529999732971191406 7.0669999122619628906 7.0840001106262207031 7.0970001220703125 7.1139998435974121094 7.1310000419616699219 7.1420001983642578125 7.159999847412109375 7.1770000457763671875 7.1909999847412109375 7.2049999237060546875 7.2189998626708984375 7.23600006103515625 7.2509999275207519531
6.4990000724792480469 6.5240001678466796875 6.5500001907348632812 6.5780000686645507812 6.6030001640319824219 6.6310000419616699219 6.6589999198913574219 6.6840000152587890625 6.7059998512268066406 6.7309999465942382812 6.7119998931884765625 6.7760000228881835938 6.7969999313354492188 6.8200001716613769531 6.8420000076293945312 6.8590002059936523438 6.8810000419616699219 6.9029998779296875 6.9219999313354492188 6.9400000572204589844 6.9569997787475585938 6.9749999046325683594 6.9889998435974121094 7.0029997825622558594 7.0199999809265136719 7.0339999198913574219 7.0510001182556152344 7.0650000572204589844 7.0789999961853027344 7.0960001945495605469 7.1129999160766601562 7.1269998550415039062 7.1440000534057617188 7.1550002098083496094 7.1719999313354492188 7.1890001296997070312 7.2059998512268066406 7.2199997901916503906 7.2340002059936523438 7.2519998550415039062 7.2659997940063476562
6.5040001869201660156 6.5269999504089355469 6.5539999008178710938 5.9699997901916503906 4.0219998359680175781 2.8120000362396240234 1.8339999914169311523 1.3320000171661376953 2.2599999904632568359 3.1559998989105224609 2.8159999847412109375 2.1630001068115234375 2.3780000209808349609 3.4679999351501464844 4.493000030517578125 6.4520001411437988281 6.7119998931884765625 6.91699981689453125 6.9349999427795410156 6.9530000686645507812 6.9710001945495605469 6.9879999160766601562 7.0019998550415039062 7.0159997940063476562 7.0329999923706054688 7.0500001907348632812 7.0640001296997070312 7.0809998512268066406 7.0949997901916503906 7.1079998016357421875 7.125 7.13899993896484375 7.1560001373291015625 7.1700000762939453125 7.1840000152587890625 7.201000213623046875 7.2179999351501464844 7.2319998741149902344 7.2459998130798339844 7.26399993896484375 7.2779998779296875
6.4530000686645507812 6.4660000801086425781 5.0019998550415039062 1.1979999542236328125 0.50400000810623168945 0.27900001406669616699 0.29600000381469726562 0.15199999511241912842 1.0369999408721923828 0.67900002002716064453 0.027000000700354576111 0.10599999874830245972 0.10300000011920928955 0.52100002765655517578 1.883999943733215332 1.866000056266784668 3.4349999427795410156 4.0300002098083496094 4.8249998092651367188 4.9800000190734863281 5.451000213623046875 5.2579998970031738281 5.6799998283386230469 5.243000030517578125 5.0980000495910644531 5.493000030517578125 5.7449998855590820312 6.243000030517578125 6.9060001373291015625 7.1209998130798339844 7.1380000114440917969 7.1510000228881835938 7.1680002212524414062 7.1820001602172851562 7.1989998817443847656 7.2129998207092285156 7.2300000190734863281 7.2470002174377441406 7.2579998970031738281 7.2760000228881835938 7.2899999618530273438
3.8980000019073486328 3.8150000572204589844 3.2339999675750732422 0.34299999475479125977 0.10000000149011611938 0.1620000004768371582 0.28499999642372131348 0.22599999606609344482 0.18899999558925628662 0.85900002717971801758 0.090999998152256011963 0.061000000685453414917 0.14599999785423278809 0.21899999678134918213 0.15399999916553497314 0.47400000691413879395 0.73199999332427978516 0.78299999237060546875 0.90200001001358032227 1.0950000286102294922 0.81999999284744262695 3.1129999160766601562 2.1270000934600830078 1.2419999837875366211 1.8439999818801879883 0.43999999761581420898 0.57599997520446777344 0.53399997949600219727 1.5080000162124633789 2.5060000419616699219 4.5469999313354492188 4.951000213623046875 5.4549999237060546875 5.2859997749328613281 5.5780000686645507812 6.7379999160766601562 7.2420001029968261719 7.2589998245239257812 7.2729997634887695312 7.2880001068115234375 7.3049998283386230469
1.9559999704360961914 1.376999974250793457 0 0 0 0 0.29699999094009399414 0.2870000004768371582 0.24500000476837158203 0.41499999165534973145 0.14699999988079071045 0.097999997437000274658 0.15999999642372131348 0.24099999666213989258 0 0.58300000429153442383 0.65799999237060546875 0.82099997997283935547 0.9710000157356262207 0.82300001382827758789 0.92500001192092895508 0.82300001382827758789 0.89999997615814208984 0.49900001287460327148 0.15299999713897705078 0.26100000739097595215 0.60699999332427978516 0.68099999427795410156 0.84399998188018798828 0.91799998283386230469 2.1480000019073486328 2.3450000286102294922 2.2950000762939453125 2.2049999237060546875 1.8530000448226928711 2.1870000362396240234 1.9659999608993530273 2.1960000991821289062 4.6609997749328613281 4.0170001983642578125 4.2410001754760742188
0 0 0 0 0 0.07500000298023223877 0.25499999523162841797 0.24199999868869781494 0.22699999809265136719 0.21999999880790710449 0.21099999547004699707 0.16500000655651092529 0.17499999701976776123 0.40799999237060546875 0.28900000452995300293 0.90200001001358032227 0.9120000004768371582 1.0770000219345092773 1.1690000295639038086 1.1670000553131103516 1.1740000247955322266 1.2690000534057617188 1.2460000514984130859 0.79600000381469726562 0.37599998712539672852 0.47499999403953552246 0.70800000429153442383 0.79100000858306884766 0.79500001668930053711 0.84200000762939453125 1.0269999504089355469 1.0520000457763671875 1.0779999494552612305 1.2020000219345092773 1.2860000133514404297 1.2630000114440917969 1.2799999713897705078 1.2269999980926513672 1.2840000391006469727 1.8459999561309814453 1.7200000286102294922
0 0 0 0 0 0.1689999997615814209 0.15899999439716339111 0.14699999988079071045 0.15700000524520874023 0.19699999690055847168 0.19699999690055847168 0.19499999284744262695 0.064000003039836883545 0.28499999642372131348 0.95499998331069946289 1.0279999971389770508 1.1349999904632568359 1.2690000534057617188 1.3609999418258666992 1.4709999561309814453 1.6019999980926513672 1.6820000410079956055 1.7130000591278076172 1.7319999933242797852 1.6360000371932983398 1.5789999961853027344 1.5889999866485595703 1.5959999561309814453 1.625 1.5429999828338623047 1.5779999494552612305 2.0980000495910644531 1.7730000019073486328 1.5520000457763671875 1.4680000543594360352 1.6499999761581420898 1.2949999570846557617 1.2020000219345092773 0.87199997901916503906 0.67900002002716064453 0.42100000381469726562
0 0 0 0 0 0.11100000143051147461 0.10599999874830245972 0.11400000005960464478 0.14499999582767486572 0.17599999904632568359 0.17499999701976776123 0.20299999415874481201 0 0.47400000691413879395 1.0670000314712524414 1.1699999570846557617 1.2330000400543212891 1.3849999904632568359 1.488000035285949707 1.5609999895095825195 1.7159999608993530273 1.8049999475479125977 1.7929999828338623047 1.6629999876022338867 1.4500000476837158203 1.9600000381469726562 1.9850000143051147461 2.2119998931884765625 2.1789999008178710938 1.7389999628067016602 2.2550001144409179688 2.3719999790191650391 2.3829998970031738281 2.2190001010894775391 1.9620000123977661133 1.613000035285949707 1.3370000123977661133 1.1740000247955322266 0.65200001001358032227 0.92500001192092895508 0.61299997568130493164
0 0 0 0 0 0.023000000044703483582 0.043000001460313796997 0.085000000894069671631 0.12399999797344207764 0.15199999511241912842 0.16300000250339508057 0 0 0.75999999046325683594 1.1900000572204589844 1.0839999914169311523 1.1000000238418579102 1.4550000429153442383 1.5540000200271606445 1.618000030517578125 1.7669999599456787109 1.8760000467300415039 1.9470000267028808594 1.9500000476837158203 1.9809999465942382812 2.0969998836517333984 2.1870000362396240234 2.2479999065399169922 2.118000030517578125 1.991000056266784668 2.3640000820159912109 2.3929998874664306641 2.2730000019073486328 1.9780000448226928711 2.0320000648498535156 1.5030000209808349609 1.7539999485015869141 2.0299999713897705078 1.4440000057220458984 1.3270000219345092773 1.5540000200271606445
0 0 0 0 0 0.0030000000260770320892 0.028999999165534973145 0.075999997556209564209 0.10899999737739562988 0.12800000607967376709 0.1230000033974647522 0 0 1.1540000438690185547 1.2749999761581420898 1.3159999847412109375 1.3070000410079956055 1.508999943733215332 1.5800000429153442383 1.6710000038146972656 1.758999943733215332 1.8559999465942382812 1.9500000476837158203 1.9989999532699584961 2.0329999923706054688 2.1310000419616699219 2.1930000782012939453 2.2449998855590820312 2.3529999256134033203 2.3199999332427978516 2.2760000228881835938 2.3499999046325683594 2.1809999942779541016 2.1300001144409179688 2.1930000782012939453 1.6360000371932983398 2.2349998950958251953 1.9900000095367431641 1.9700000286102294922 1.6950000524520874023 1.5379999876022338867
0 0 0 0 0 0.0020000000949949026108 0.018999999389052391052 0.064000003039836883545 0.10100000351667404175 0.12099999934434890747 0 0 1.0650000572204589844 1.256999969482421875 1.3760000467300415039 1.3339999914169311523 1.3969999551773071289 1.5410000085830688477 1.6460000276565551758 1.7209999561309814453 1.7649999856948852539 1.8259999752044677734 1.9199999570846557617 2.0030000209808349609 2.0550000667572021484 2.1099998950958251953 2.1559998989105224609 2.2509999275207519531 2.2980000972747802734 2.1889998912811279297 2.0350000858306884766 2.2279999256134033203 2.3169999122619628906 2.2820000648498535156 1.7070000171661376953 1.8860000371932983398 2 1.7910000085830688477 1.6799999475479125977 1.6670000553131103516 1.6649999618530273438
