data/Outputs5m/flood2020/Run_1.asc
ncols        208
nrows        223
xllcorner    470406.491399999999
yllcorner    4439304.785899999551
cellsize     4.998986000000
NODATA_value  nan
[rows 108 to 125 of 223, columns 164 to 204 of 208]
9.0159997940063476562 9.0369997024536132812 9.0539999008178710938 9.0749998092651367188 9.0920000076293945312 9.1079998016357421875 9.1280002593994140625 9.1440000534057617188 8.1409997940063476562 6.340000152587890625 4.9619998931884765625 4.1300001144409179688 4.2170000076293945312 4.5329999923706054688 4.465000152587890625 4.1640000343322753906 3.875 3.9460000991821289062 4.0130000114440917969 3.7269999980926513672 3.6830000877380371094 3.7400000095367431641 3.6259999275207519531 3.6300001144409179688 3.6889998912811279297 3.7439999580383300781 3.7230000495910644531 3.6800000667572021484 3.5290000438690185547 3.5520000457763671875 3.6050000190734863281 3.6579999923706054688 3.7160000801086425781 3.8039999008178710938 3.7790000438690185547 3.7530000209808349609 3.5620000362396240234 3.5320000648498535156 3.5169999599456787109 3.8250000476837158203 6.6859998703002929688
9.0279998779296875 9.048999786376953125 9.0670003890991210938 9.0880002975463867188 9.104999542236328125 9.1219997406005859375 9.1409997940063476562 9.1579999923706054688 9.173999786376953125 8.8970003128051757812 6.6510000228881835938 5.13899993896484375 4.4770002365112304688 4.5159997940063476562 4.3470001220703125 4.4310002326965332031 4.3039999008178710938 4.0329999923706054688 4.0859999656677246094 3.7929999828338623047 3.6470000743865966797 3.6879999637603759766 3.4070000648498535156 3.5120000839233398438 3.5399999618530273438 3.6600000858306884766 3.7060000896453857422 3.7090001106262207031 3.5490000247955322266 3.4960000514984130859 3.5399999618530273438 3.6199998855590820312 3.7300000190734863281 3.7969999313354492188 3.8659999370574951172 3.9079999923706054688 3.8570001125335693359 3.7939999103546142578 3.6630001068115234375 5.1690001487731933594 7.3619999885559082031
9.0430002212524414062 9.062000274658203125 9.0799999237060546875 9.09799957275390625 9.118000030517578125 9.13899993896484375 9.1560001373291015625 9.1719999313354492188 9.1890001296997070312 9.20800018310546875 9.2239999771118164062 8.7910003662109375 7.26399993896484375 4.9070000648498535156 4.1750001907348632812 4.2890000343322753906 4.1989998817443847656 4.3619999885559082031 4.1770000457763671875 3.8139998912811279297 3.5639998912811279297 3.5179998874664306641 3.4690001010894775391 3.4890000820159912109 3.493000030517578125 3.4360001087188720703 3.4479999542236328125 3.5339999198913574219 3.7980000972747802734 3.6419999599456787109 3.6370000839233398438 3.7139999866485595703 3.8239998817443847656 3.9159998893737792969 3.9119999408721923828 3.9260001182556152344 3.9279999732971191406 3.8800001144409179688 3.8399999141693115234 3.88899993896484375 4.479000091552734375
9.055999755859375 9.0740003585815429688 9.0930004119873046875 9.11100006103515625 9.131999969482421875 9.1529998779296875 9.1700000762939453125 9.187000274658203125 9.2040004730224609375 9.22299957275390625 9.2390003204345703125 9.2550001144409179688 9.270000457763671875 7.3169999122619628906 6.270999908447265625 4.9990000724792480469 3.506999969482421875 3.8800001144409179688 3.9000000953674316406 4.0460000038146972656 3.7969999313354492188 3.6289999485015869141 3.479000091552734375 3.6419999599456787109 3.7049999237060546875 3.7119998931884765625 3.6879999637603759766 3.8380000591278076172 3.8429999351501464844 3.8489999771118164062 3.770999908447265625 3.7939999103546142578 3.9040000438690185547 3.9830000400543212891 3.7969999313354492188 3.9879999160766601562 4.0380001068115234375 4.0240001678466796875 3.9719998836517333984 4.0269999504089355469 4.0110001564025878906
9.0679998397827148438 9.0880002975463867188 9.1070003509521484375 9.125 9.145999908447265625 9.1639995574951171875 9.1850004196166992188 9.201999664306640625 9.2220001220703125 9.2390003204345703125 9.2550001144409179688 9.2720003128051757812 9.2869997024536132812 9.305999755859375 8.4670000076293945312 7.0219998359680175781 4.7960000038146972656 3.9839999675750732422 3.5950000286102294922 3.9679999351501464844 3.7149999141693115234 3.7490000724792480469 3.7239999771118164062 3.7300000190734863281 3.5520000457763671875 3.5559999942779541016 3.6019999980926513672 3.8159999847412109375 3.8310000896453857422 3.7330000400543212891 3.8450000286102294922 3.8980000019073486328 3.9779999256134033203 3.9990000724792480469 3.9649999141693115234 4.0679998397827148438 4.1090002059936523438 4.1230001449584960938 4.1170001029968261719 4.1139998435974121094 4.0609998703002929688
9.0819997787475585938 9.1009998321533203125 9.1199998855590820312 9.1420001983642578125 9.1610002517700195312 9.1789999008178710938 9.1999998092651367188 9.2180004119873046875 9.2379999160766601562 9.2550001144409179688 9.2720003128051757812 9.2880001068115234375 9.3070001602172851562 9.3229999542236328125 9.3389997482299804688 9.3570003509521484375 8.201000213623046875 6.6849999427795410156 4.4590001106262207031 3.5699999332427978516 3.2539999485015869141 3.2049999237060546875 3.4159998893737792969 3.5030000209808349609 3.76399993896484375 3.6410000324249267578 3.5659999847412109375 3.7679998874664306641 3.8010001182556152344 3.7249999046325683594 3.6470000743865966797 3.8469998836517333984 3.8659999370574951172 3.6840000152587890625 4.0799999237060546875 4.1550002098083496094 4.1880002021789550781 4.2069997787475585938 4.1770000457763671875 4.1189999580383300781 4.0939998626708984375
9.0950002670288085938 9.1149997711181640625 9.1350002288818359375 9.1569995880126953125 9.1759996414184570312 9.194000244140625 9.215999603271484375 9.2370004653930664062 9.2539997100830078125 9.2720003128051757812 9.2889995574951171875 9.3079996109008789062 9.3249998092651367188 9.340999603271484375 9.3570003509521484375 9.3780002593994140625 9.395999908447265625 8.81999969482421875 6.6609997749328613281 5.3000001907348632812 3.8650000095367431641 3.2439999580383300781 3.8199999332427978516 3.0920000076293945312 3.3440001010894775391 3.6470000743865966797 3.5390000343322753906 3.6619999408721923828 3.5710000991821289062 3.7839999198913574219 3.8199999332427978516 3.8369998931884765625 3.9289999008178710938 3.9849998950958251953 4.0669999122619628906 4.1449999809265136719 4.1989998817443847656 3.9570000171661376953 4.1519999504089355469 4.0819997787475585938 4.0510001182556152344
9.1090002059936523438 9.1289997100830078125 9.1490001678466796875 9.1719999313354492188 9.1909999847412109375 9.2100000381469726562 9.2320003509521484375 9.2530002593994140625 9.270999908447265625 9.2880001068115234375 9.305999755859375 9.326000213623046875 9.3430004119873046875 9.3590002059936523438 9.3780002593994140625 9.3999996185302734375 9.4160003662109375 9.437000274658203125 9.4540004730224609375 8.8979997634887695312 5.7389998435974121094 4.701000213623046875 4.2100000381469726562 3.7650001049041748047 3.8840000629425048828 3.368000030517578125 3.5829999446868896484 3.5899999141693115234 3.5999999046325683594 3.8129999637603759766 3.8250000476837158203 3.8599998950958251953 3.9189999103546142578 3.9690001010894775391 4.0479998588562011719 4.0970001220703125 3.9979999065399169922 3.9660000801086425781 4.1189999580383300781 4.0460000038146972656 4.0089998245239257812
9.1230001449584960938 9.1440000534057617188 9.16699981689453125 9.187000274658203125 9.2069997787475585938 9.229000091552734375 9.2510004043579101562 9.2690000534057617188 9.2869997024536132812 9.30500030517578125 9.326000213623046875 9.3439998626708984375 9.36100006103515625 9.3809995651245117188 9.3999996185302734375 9.4200000762939453125 9.437999725341796875 9.4569997787475585938 9.4779996871948242188 9.4949998855590820312 9.5120000839233398438 8.6909999847412109375 6.1009998321533203125 5.4970002174377441406 4.7170000076293945312 3.3169999122619628906 3.3069999217987060547 3.2929999828338623047 3.48600006103515625 3.8459999561309814453 3.8389999866485595703 3.8480000495910644531 3.9189999103546142578 3.9869999885559082031 4.0520000457763671875 4.0510001182556152344 4.1079998016357421875 4.2170000076293945312 4.1589999198913574219 4.2719998359680175781 4.0529999732971191406
10.357000350952148438 10.376999855041503906 9.1829996109008789062 9.2030000686645507812 9.22299957275390625 9.2449998855590820312 9.2670001983642578125 9.284999847412109375 9.3039999008178710938 9.3219995498657226562 9.340999603271484375 9.3620004653930664062 9.3789997100830078125 9.4029998779296875 9.4200000762939453125 9.4390001296997070312 9.4610004425048828125 9.479999542236328125 9.5019998550415039062 9.5190000534057617188 9.5369997024536132812 9.5539999008178710938 8.659000396728515625 7.1449999809265136719 6.88899993896484375 5.465000152587890625 3.8519999980926513672 3.0329999923706054688 3.3120000362396240234 3.7730000019073486328 3.6600000858306884766 3.5099999904632568359 3.7369999885559082031 3.9149999618530273438 4.0040001869201660156 3.8570001125335693359 4.1490001678466796875 4.3639998435974121094 4.4260001182556152344 4.3930001258850097656 3.8229999542236328125
9.15200042724609375 10.395999908447265625 10.4160003662109375 10.435999870300292969 9.243000030517578125 9.2659997940063476562 9.2829999923706054688 9.3020000457763671875 9.3210000991821289062 9.340000152587890625 9.36100006103515625 9.3800001144409179688 9.4010000228881835938 9.4219999313354492188 9.4420003890991210938 9.4619998931884765625 9.4849996566772460938 9.5039997100830078125 9.5260000228881835938 9.5439996719360351562 9.562000274658203125 9.5790004730224609375 9.5959997177124023438 9.6149997711181640625 9.34799957275390625 8.2259998321533203125 6.2069997787475585938 3.4749999046325683594 3.631999969482421875 3.6050000190734863281 3.6540000438690185547 3.8029999732971191406 3.9639999866485595703 4.0720000267028808594 4.3499999046325683594 4.2369999885559082031 4.3189997673034667969 4.4520001411437988281 4.6170001029968261719 4.4070000648498535156 4.4889998435974121094
9.1619997024536132812 9.1859998703002929688 9.2119998931884765625 10.456000328063964844 10.475999832153320312 10.496000289916992188 9.298999786376953125 9.3179998397827148438 9.3369998931884765625 9.3599996566772460938 9.3800001144409179688 9.3990001678466796875 9.4200000762939453125 9.44499969482421875 9.465999603271484375 9.48600006103515625 9.5089998245239257812 9.5290002822875976562 9.548000335693359375 9.5659999847412109375 9.5880002975463867188 9.604999542236328125 9.6219997406005859375 9.63899993896484375 9.6549997329711914062 9.02700042724609375 7.3140001296997070312 4.4819998741149902344 3.7669999599456787109 3.3110001087188720703 3.6800000667572021484 4.0120000839233398438 4.0659999847412109375 4.1230001449584960938 4.4559998512268066406 4.5170001983642578125 4.6290001869201660156 4.6550002098083496094 4.9190001487731933594 4.7459998130798339844 4.6079998016357421875
9.1709995269775390625 9.194000244140625 9.2209997177124023438 9.2449998855590820312 9.2690000534057617188 9.2899999618530273438 10.524000167846679688 10.545000076293945312 9.354000091552734375 9.3780002593994140625 9.3979997634887695312 9.4209995269775390625 9.4429998397827148438 9.465000152587890625 9.4890003204345703125 9.5100002288818359375 9.534000396728515625 9.5539999008178710938 9.5729999542236328125 9.5920000076293945312 9.61100006103515625 9.6289997100830078125 9.6490001678466796875 9.6630001068115234375 9.6820001602172851562 9.6979999542236328125 9.7110004425048828125 7.5250000953674316406 5.020999908447265625 4.3880000114440917969 3.8469998836517333984 3.8770000934600830078 3.8519999980926513672 4.0370001792907714844 4.5040001869201660156 4.8769998550415039062 4.9429998397827148438 5.0370001792907714844 5.1050000190734863281 4.9409999847412109375 4.8559999465942382812
9.18000030517578125 9.2060003280639648438 9.229999542236328125 9.2530002593994140625 9.2790002822875976562 9.3009996414184570312 9.3240003585815429688 10.564999580383300781 10.586000442504882812 10.605999946594238281 9.4200000762939453125 9.4429998397827148438 9.465999603271484375 9.4890003204345703125 9.5129995346069335938 9.534999847412109375 9.555999755859375 9.576000213623046875 9.5989999771118164062 9.618000030517578125 9.6370000839233398438 9.659000396728515625 9.673000335693359375 9.6909999847412109375 9.7110004425048828125 9.7239999771118164062 9.7390003204345703125 9.7510004043579101562 9.7659997940063476562 7.7890000343322753906 5.6929998397827148438 4.4439997673034667969 3.98600006103515625 3.9330000877380371094 4.3280000686645507812 4.9229998588562011719 5.3280000686645507812 5.3489999771118164062 5.1640000343322753906 4.7839999198913574219 4.8239998817443847656
9.187999725341796875 9.215000152587890625 9.2379999160766601562 9.2650003433227539062 9.2880001068115234375 9.3109998703002929688 9.3380002975463867188 9.3629999160766601562 9.3870000839233398438 10.626999855041503906 10.647999763488769531 9.4670000076293945312 9.4899997711181640625 9.5129995346069335938 9.534999847412109375 9.5600004196166992188 9.5810003280639648438 9.6020002365112304688 9.625 9.6420001983642578125 9.6610002517700195312 9.6829996109008789062 9.701000213623046875 9.7189998626708984375 9.73600006103515625 9.75 9.7659997940063476562 9.7810001373291015625 9.7930002212524414062 9.8070001602172851562 9.3809995651245117188 7.1750001907348632812 5.6880002021789550781 4.4470000267028808594 4.25 4.9759998321533203125 5.5190000534057617188 5.6710000038146972656 5.5780000686645507812 5.0570001602172851562 4.7470002174377441406
9.1999998092651367188 9.2239999771118164062 9.2469997406005859375 9.2740001678466796875 9.2969999313354492188 9.3240003585815429688 9.34799957275390625 9.3730001449584960938 9.40200042724609375 9.4320001602172851562 10.668999671936035156 10.689999580383300781 10.711000442504882812 9.5369997024536132812 9.5600004196166992188 9.5850000381469726562 9.6070003509521484375 9.6280002593994140625 9.6490001678466796875 9.6689996719360351562 9.6920003890991210938 9.7110004425048828125 9.729999542236328125 9.7480001449584960938 9.7620000839233398438 9.7790002822875976562 9.7959995269775390625 9.8079996109008789062 9.8229999542236328125 9.8350000381469726562 9.8489999771118164062 9.8620004653930664062 9.5970001220703125 8.3159999847412109375 6.7420001029968261719 6.3379998207092285156 5.9910001754760742188 6.0630002021789550781 5.9520001411437988281 5.5850000381469726562 4.5180001258850097656
9.2060003280639648438 9.2320003509521484375 9.2589998245239257812 9.2819995880126953125 9.305999755859375 9.3339996337890625 9.3579998016357421875 9.3830003738403320312 9.4149999618530273438 9.4420003890991210938 9.4720001220703125 9.5039997100830078125 10.732000350952148438 10.753999710083007812 9.5850000381469726562 9.6079998016357421875 9.6330003738403320312 9.6549997329711914062 9.6759996414184570312 9.6969995498657226562 9.7170000076293945312 9.7370004653930664062 9.7589998245239257812 9.7740001678466796875 9.79199981689453125 9.805999755859375 9.8229999542236328125 9.8389997482299804688 9.8520002365112304688 9.8669996261596679688 9.8780002593994140625 9.8909997940063476562 9.9010000228881835938 9.9130001068115234375 8.4490003585815429688 7.3280000686645507812 6.6490001678466796875 6.5180001258850097656 6.4039998054504394531 5.8810000419616699219 5.645999908447265625
9.2170000076293945312 9.2410001754760742188 9.2670001983642578125 9.2910003662109375 9.3179998397827148438 9.3430004119873046875 9.368000030517578125 9.395999908447265625 9.4250001907348632812 9.4540004730224609375 9.4870004653930664062 9.5179996490478515625 9.548999786376953125 10.774999618530273438 10.796999931335449219 10.819000244140625 9.6569995880126953125 9.6789999008178710938 9.701000213623046875 9.7250003814697265625 9.7460002899169921875 9.7659997940063476562 9.784999847412109375 9.8009996414184570312 9.819000244140625 9.8369998931884765625 9.8509998321533203125 9.868000030517578125 9.8839998245239257812 9.895999908447265625 9.909999847412109375 9.9209995269775390625 9.9340000152587890625 9.9460000991821289062 9.9549999237060546875 9.965999603271484375 8.1859998703002929688 7.08300018310546875 6.8289999961853027344 6.4770002365112304688 6.2329998016357421875
