data/Outputs10m/floodfuture/Run_1.asc
ncols        104
nrows        112
xllcorner    470406.491399999999
yllcorner    4439304.785899999551
cellsize     9.997971000000
NODATA_value  nan
[rows 18 to 35 of 112, columns 40 to 79 of 104]
1.2829999923706054688 1.1599999666213989258 1.1469999551773071289 1.2100000381469726562 1.1909999847412109375 1.1879999637603759766 1.3470000028610229492 1.6779999732971191406 1.8519999980926513672 2.1640000343322753906 2.4549999237060546875 2.6440000534057617188 2.9089999198913574219 2.7469999790191650391 2.7369999885559082031 3.0669999122619628906 3.0799999237060546875 3.1189999580383300781 2.9309999942779541016 3.0269999504089355469 3.1219999790191650391 3.1579999923706054688 3.3459999561309814453 3.3389999866485595703 3.5569999217987060547 3.6640000343322753906 3.7009999752044677734 3.7650001049041748047 4.0879998207092285156 5.1079998016357421875 5.0159997940063476562 4.91699981689453125 4.5920000076293945312 4.4159998893737792969 4.3860001564025878906 3.8350000381469726562 2.9609999656677246094 2.4219999313354492188 2.0929999351501464844 1.8070000410079956055
1.2649999856948852539 1.1610000133514404297 1.129999995231628418 1.248000025749206543 1.3580000400543212891 1.4099999666213989258 1.4900000095367431641 1.6829999685287475586 1.9709999561309814453 2.2699999809265136719 2.4419999122619628906 2.6919999122619628906 2.9630000591278076172 2.8719999790191650391 2.9189999103546142578 2.9849998950958251953 2.9939999580383300781 3.2170000076293945312 3.3810000419616699219 3.4100000858306884766 3.5060000419616699219 3.375 3.4600000381469726562 3.5759999752044677734 3.3190000057220458984 3.5429999828338623047 3.6419999599456787109 3.8190000057220458984 4.0970001220703125 4.75 4.9569997787475585938 5.2610001564025878906 5.1869997978210449219 4.826000213623046875 4.3949999809265136719 3.7109999656677246094 3.0420000553131103516 2.604000091552734375 2.8010001182556152344 2.875
1.379999995231628418 1.3619999885559082031 0.89600002765655517578 0.75 1.25 1.4249999523162841797 1.6019999980926513672 1.7829999923706054688 1.8509999513626098633 2.1970000267028808594 2.5480000972747802734 2.7950000762939453125 2.8810000419616699219 2.8810000419616699219 2.8190000057220458984 2.8239998817443847656 2.6689999103546142578 2.7550001144409179688 2.9070000648498535156 2.9189999103546142578 3.4170000553131103516 3.7420001029968261719 3.7090001106262207031 3.6819999217987060547 3.7090001106262207031 3.8090000152587890625 3.6800000667572021484 3.6549999713897705078 3.8689999580383300781 4.3150000572204589844 4.9010000228881835938 5.0570001602172851562 5.16699981689453125 5.1020002365112304688 4.9039998054504394531 3.9279999732971191406 2.9730000495910644531 2.6949999332427978516 3.4219999313354492188 3.5280001163482666016
1.8459999561309814453 1.6000000238418579102 1.3049999475479125977 1.0989999771118164062 0.9779999852180480957 1.2319999933242797852 1.3969999551773071289 1.5839999914169311523 1.8420000076293945312 2.0739998817443847656 2.2339999675750732422 2.3989999294281005859 2.4969999790191650391 2.5910000801086425781 2.5599999427795410156 2.5499999523162841797 2.5580000877380371094 2.5889999866485595703 2.6510000228881835938 2.6540000438690185547 2.5710000991821289062 2.9140000343322753906 3.1410000324249267578 3.2030000686645507812 3.6059999465942382812 3.8469998836517333984 3.9479999542236328125 3.9440000057220458984 3.9979999065399169922 3.8780000209808349609 4.4889998435974121094 5.0720000267028808594 5.0580000877380371094 5.45800018310546875 5.5190000534057617188 4.9559998512268066406 3.5959999561309814453 2.8280000686645507812 3.9619998931884765625 3.881999969482421875
2.23600006103515625 2.4289999008178710938 1.8450000286102294922 1.3190000057220458984 0.87199997901916503906 1.0870000123977661133 0.89999997615814208984 1.4529999494552612305 1.758999943733215332 1.9279999732971191406 2.1119999885559082031 2.2219998836517333984 2.3359999656677246094 2.3849999904632568359 2.4059998989105224609 2.3259999752044677734 2.2339999675750732422 2.2929999828338623047 2.4189999103546142578 2.5360000133514404297 2.4960000514984130859 2.5840001106262207031 2.6470000743865966797 2.8259999752044677734 2.9639999866485595703 3.5929999351501464844 3.8770000934600830078 4.145999908447265625 4.1729998588562011719 4.1059999465942382812 4.1570000648498535156 4.4210000038146972656 4.3010001182556152344 5.3629999160766601562 5.5529999732971191406 5.1059999465942382812 4.8720002174377441406 4.0219998359680175781 4.1999998092651367188 3.6480000019073486328
2.6440000534057617188 2.9200000762939453125 2.8670001029968261719 2.7349998950958251953 2.2609999179840087891 1.0310000181198120117 0.85000002384185791016 1.5249999761581420898 1.886999964714050293 1.9400000572204589844 2.0329999923706054688 2.1070001125335693359 2.3090000152587890625 2.4709999561309814453 2.4500000476837158203 2.4200000762939453125 2.2000000476837158203 2.1830000877380371094 2.2219998836517333984 2.4300000667572021484 2.5339999198913574219 2.4739999771118164062 2.4219999313354492188 2.631999969482421875 2.6489999294281005859 3.2790000438690185547 3.2009999752044677734 3.4489998817443847656 4.3179998397827148438 4.26399993896484375 4.3090000152587890625 4.2480001449584960938 4.2600002288818359375 4.645999908447265625 5.7059998512268066406 4.9390001296997070312 4.9200000762939453125 4.625 4.3860001564025878906 3.3440001010894775391
2.9639999866485595703 2.6519999504089355469 2.7609999179840087891 2.5739998817443847656 2.6159999370574951172 2.6240000724792480469 1.9129999876022338867 1.9730000495910644531 2.1089999675750732422 2.256999969482421875 2.3020000457763671875 2.2479999065399169922 2.3710000514984130859 2.2320001125335693359 2.4430000782012939453 2.6019999980926513672 2.5590000152587890625 2.5339999198913574219 2.3719999790191650391 2.4040000438690185547 2.3139998912811279297 2.4430000782012939453 2.3829998970031738281 2.4990000724792480469 2.6480000019073486328 2.7760000228881835938 2.9270000457763671875 3.1089999675750732422 3.3229999542236328125 4.0590000152587890625 4.13899993896484375 4.395999908447265625 4.4050002098083496094 4.451000213623046875 4.9499998092651367188 4.6329998970031738281 4.6440000534057617188 4.7379999160766601562 4.2030000686645507812 3.8510000705718994141
2.8570001125335693359 2.8529999256134033203 2.7460000514984130859 2.63899993896484375 2.7390000820159912109 2.8910000324249267578 2.2809998989105224609 2.2990000247955322266 2.4470000267028808594 2.5869998931884765625 2.4149999618530273438 2.368000030517578125 2.4979999065399169922 2.2219998836517333984 2.1919999122619628906 2.2599999904632568359 2.6809999942779541016 2.7090001106262207031 2.6229999065399169922 2.5920000076293945312 2.3929998874664306641 2.2269999980926513672 2.3199999332427978516 2.3629999160766601562 2.5130000114440917969 2.5680000782012939453 2.7300000190734863281 2.9609999656677246094 3.1489999294281005859 3.3949999809265136719 1.633999943733215332 1.4129999876022338867 3.0599999427795410156 4.5479998588562011719 4.5580000877380371094 4.5729999542236328125 4.701000213623046875 4.54199981689453125 4.0789999961853027344 3.9070000648498535156
2.7739999294281005859 2.8110001087188720703 2.8480000495910644531 2.7530000209808349609 2.8599998950958251953 2.8840000629425048828 2.4939999580383300781 2.6270000934600830078 2.7769999504089355469 2.9159998893737792969 2.5009999275207519531 2.4879999160766601562 2.6700000762939453125 2.3369998931884765625 2.2739999294281005859 2.2300000190734863281 2.4170000553131103516 2.6889998912811279297 2.8599998950958251953 2.9179999828338623047 2.9330000877380371094 2.743000030517578125 2.5160000324249267578 2.3039999008178710938 2.4119999408721923828 2.4649999141693115234 2.5480000972747802734 2.7550001144409179688 2.9960000514984130859 3.2550001144409179688 3.3450000286102294922 2.5280001163482666016 0.93199998140335083008 1.2960000038146972656 2.6840000152587890625 4.6880002021789550781 4.7829999923706054688 4.770999908447265625 4.5580000877380371094 4.2160000801086425781
2.8199999332427978516 2.8359999656677246094 2.8510000705718994141 2.8699998855590820312 2.8670001029968261719 2.6480000019073486328 2.6789999008178710938 2.8980000019073486328 3.13899993896484375 3.0079998970031738281 2.6419999599456787109 2.6240000724792480469 2.8239998817443847656 2.5559999942779541016 2.3199999332427978516 2.4709999561309814453 2.6740000247955322266 2.7850000858306884766 2.8619999885559082031 2.9600000381469726562 3.0850000381469726562 3.2530000209808349609 3.1909999847412109375 2.9709999561309814453 2.6619999408721923828 2.3499999046325683594 2.4030001163482666016 2.6019999980926513672 2.7520000934600830078 3.0050001144409179688 3.1640000343322753906 3.2400000095367431641 3.2939999103546142578 2.9340000152587890625 1.5399999618530273438 1.5169999599456787109 2.8989999294281005859 4.8229999542236328125 4.8850002288818359375 4.9369997978210449219
3.0030000209808349609 3.0190000534057617188 2.8729999065399169922 2.9200000762939453125 2.8410000801086425781 2.7109999656677246094 2.8580000400543212891 3.0109999179840087891 3.4349999427795410156 3.1340000629425048828 2.7690000534057617188 2.7990000247955322266 2.979000091552734375 2.7620000839233398438 2.4449999332427978516 2.5880000591278076172 2.6809999942779541016 2.6370000839233398438 2.8949999809265136719 2.9869999885559082031 2.9519999027252197266 2.9579999446868896484 3.2509999275207519531 3.3239998817443847656 3.2999999523162841797 3.1470000743865966797 2.7460000514984130859 2.6410000324249267578 2.5850000381469726562 2.7960000038146972656 3.0499999523162841797 2.9530000686645507812 3.0199999809265136719 3.1170001029968261719 2.9430000782012939453 2.6099998950958251953 1.7929999828338623047 1.8609999418258666992 3.6549999713897705078 4.9759998321533203125
3.1640000343322753906 2.9309999942779541016 3.0940001010894775391 3.0030000209808349609 2.9040000438690185547 3.0699999332427978516 3.3880000114440917969 3.5690000057220458984 3.7190001010894775391 3.4400000572204589844 3.36100006103515625 2.88899993896484375 2.9079999923706054688 2.4330000877380371094 2.6370000839233398438 2.7869999408721923828 2.8380000591278076172 2.8039999008178710938 3.0439999103546142578 3.0120000839233398438 2.8340001106262207031 2.6710000038146972656 2.8849999904632568359 3.1199998855590820312 3.4830000400543212891 3.5659999847412109375 3.7330000400543212891 3.4730000495910644531 2.8469998836517333984 2.6019999980926513672 2.8080000877380371094 2.9800000190734863281 3.0420000553131103516 2.5150001049041748047 2.9849998950958251953 3.1470000743865966797 3.1189999580383300781 2.7860000133514404297 2.26399993896484375 2.1070001125335693359
3.5020000934600830078 3.4830000400543212891 3.3989999294281005859 3.3459999561309814453 3.3080000877380371094 3.4990000724792480469 3.4509999752044677734 3.4649999141693115234 3.625 3.5629999637603759766 3.2990000247955322266 3.2239999771118164062 3.0480000972747802734 2.7769999504089355469 2.8239998817443847656 2.9890000820159912109 3.0710000991821289062 2.9920001029968261719 3.0439999103546142578 2.8910000324249267578 2.7130000591278076172 2.5599999427795410156 2.6919999122619628906 3.13899993896484375 3.4539999961853027344 3.5490000247955322266 3.631999969482421875 3.8450000286102294922 3.7139999866485595703 3.2769999504089355469 2.1119999885559082031 2.8299999237060546875 2.8570001125335693359 3.0439999103546142578 2.9900000095367431641 3.0399999618530273438 2.8329999446868896484 2.9639999866485595703 3.0829999446868896484 2.6860001087188720703
5.5929999351501464844 3.6540000438690185547 3.7530000209808349609 3.6879999637603759766 3.7449998855590820312 3.8269999027252197266 3.8020000457763671875 3.9130001068115234375 3.6930000782012939453 3.7369999885559082031 3.3580000400543212891 3.4419999122619628906 3.4500000476837158203 3.3080000877380371094 3.1779999732971191406 3.1909999847412109375 3.2049999237060546875 3.1410000324249267578 2.7969999313354492188 2.6240000724792480469 2.5750000476837158203 2.7300000190734863281 3.0550000667572021484 3.0299999713897705078 3.2750000953674316406 3.2799999713897705078 3.354000091552734375 3.7019999027252197266 3.7969999313354492188 4.0780000686645507812 3.3310000896453857422 1.7669999599456787109 1.7020000219345092773 2.4179999828338623047 2.88899993896484375 2.8970000743865966797 2.743000030517578125 2.6789999008178710938 2.7560000419616699219 2.8719999790191650391
9.18000030517578125 8.4540004730224609375 5.7379999160766601562 3.7109999656677246094 3.7379999160766601562 3.8629999160766601562 4.0050001144409179688 4.0809998512268066406 4.0710000991821289062 3.8849999904632568359 3.3229999542236328125 3.2980000972747802734 3.3280000686645507812 3.3299999237060546875 3.4349999427795410156 3.5369999408721923828 3.5079998970031738281 3.0590000152587890625 2.9070000648498535156 2.7980000972747802734 2.7809998989105224609 3.0799999237060546875 3.2869999408721923828 3.3810000419616699219 3.270999908447265625 3.1940000057220458984 3.2690000534057617188 3.618000030517578125 3.7860000133514404297 3.9179999828338623047 3.9979999065399169922 4.2820000648498535156 4.3520002365112304688 2.1210000514984130859 1.8710000514984130859 2.36100006103515625 2.7170000076293945312 2.5599999427795410156 2.8259999752044677734 2.7869999408721923828
9.1770000457763671875 9.2200002670288085938 9.2690000534057617188 6.4400000572204589844 7.159999847412109375 5.8340001106262207031 3.7980000972747802734 4.1909999847412109375 4.1880002021789550781 3.8740000724792480469 3.7090001106262207031 3.4619998931884765625 3.5009999275207519531 3.5469999313354492188 3.6649999618530273438 3.6579999923706054688 3.3310000896453857422 2.8299999237060546875 3 2.4890000820159912109 2.6579999923706054688 3.1889998912811279297 3.3759999275207519531 3.2330000400543212891 3.2209999561309814453 3.2209999561309814453 3.3510000705718994141 3.4230000972747802734 3.3829998970031738281 3.8570001125335693359 3.7630000114440917969 4.0780000686645507812 4.3080000877380371094 4.3569998741149902344 3.9100000858306884766 2.2060000896453857422 2.1089999675750732422 2.4560000896453857422 2.7109999656677246094 2.7880001068115234375
9.1709995269775390625 9.2170000076293945312 9.2629995346069335938 9.305999755859375 9.3529996871948242188 9.395999908447265625 7.1500000953674316406 4.5390000343322753906 4.1799998283386230469 3.9360001087188720703 3.6779999732971191406 3.7019999027252197266 3.6840000152587890625 3.7269999980926513672 3.7699999809265136719 3.7330000400543212891 3.1419999599456787109 3.0769999027252197266 2.9210000038146972656 3 2.9800000190734863281 3.3139998912811279297 3.1510000228881835938 2.9849998950958251953 2.8450000286102294922 3.2790000438690185547 3.36100006103515625 3.5769999027252197266 3.2439999580383300781 3.743000030517578125 3.6659998893737792969 3.8629999160766601562 4.0619997978210449219 4.4019999504089355469 4.3070001602172851562 4.5029997825622558594 4.3390002250671386719 2.4289999008178710938 2.3369998931884765625 2.6099998950958251953
9.16699981689453125 9.2110004425048828125 9.2580003738403320312 9.30500030517578125 9.34799957275390625 9.395000457763671875 9.4420003890991210938 9.48600006103515625 7.5580000877380371094 4.4590001106262207031 4.0089998245239257812 3.6989998817443847656 3.7490000724792480469 3.368000030517578125 3.7739999294281005859 3.7019999027252197266 3.1570000648498535156 3.1749999523162841797 3.0869998931884765625 2.8829998970031738281 3.3120000362396240234 3.6500000953674316406 2.9300000667572021484 3.1819999217987060547 3.4579999446868896484 3.4920001029968261719 3.4869999885559082031 3.5420000553131103516 3.7560000419616699219 3.5239999294281005859 3.6329998970031738281 3.7750000953674316406 3.9600000381469726562 4.1979999542236328125 4.4530000686645507812 5.9130001068115234375 5.2509999275207519531 4.9260001182556152344 5.0910000801086425781 3.0429999828338623047
