data/Outputs10m/floodfuture/Run_1.asc
ncols        104
nrows        112
xllcorner    470406.491399999999
yllcorner    4439304.785899999551
cellsize     9.997971000000
NODATA_value  nan
[rows 0 to 17 of 112, columns 40 to 79 of 104]
0 0 0 0 0 0 0 0 0 0 0 0 0 0 0 0 0 0.059000000357627868652 2.2320001125335693359 2.5079998970031738281 2.4289999008178710938 3.0789999961853027344 3.3550000190734863281 1.4370000362396240234 1.9160000085830688477 2.1410000324249267578 2.3120000362396240234 2.23600006103515625 2.0099999904632568359 2.3849999904632568359 2.2739999294281005859 2.2579998970031738281 2.229000091552734375 2.2599999904632568359 2.1909999847412109375 1.7640000581741333008 1.3389999866485595703 1.3370000123977661133 0.97399997711181640625 0.6620000004768371582
0 0 0 0 0 0 0 0 0 0 0 0 0 0 0 0 0 0.27000001072883605957 1.8890000581741333008 2.6559998989105224609 2.6779999732971191406 3.4170000553131103516 2.7999999523162841797 2.11100006103515625 2.625 2.2869999408721923828 2.4119999408721923828 2.4400000572204589844 2.5529999732971191406 2.6010000705718994141 2.5429999828338623047 2.5969998836517333984 2.5439999103546142578 2.5199999809265136719 2.3069999217987060547 1.7489999532699584961 1.5160000324249267578 1.1490000486373901367 1.0570000410079956055 0.68500000238418579102
0 0 0 0 0 0 0 0 0 0 0 0 0 0 0 0 0.059999998658895492554 0.62300002574920654297 1.2109999656677246094 2.6689999103546142578 2.7400000095367431641 2.1559998989105224609 2.7039999961853027344 2.8169999122619628906 3.5120000839233398438 2.5429999828338623047 2.6070001125335693359 2.5350000858306884766 2.6050000190734863281 2.7300000190734863281 2.8359999656677246094 2.8689999580383300781 2.8099999427795410156 2.8320000171661376953 2.3880000114440917969 1.9400000572204589844 1.6829999685287475586 1.1349999904632568359 0.91900002956390380859 0.43099999427795410156
0 0 0 0 0 0 0 0 0 0 0 0 0 0 0 0.14499999582767486572 0.18400000035762786865 0.89499998092651367188 1.7580000162124633789 2.3910000324249267578 2.5480000972747802734 2.01399993896484375 3.0199999809265136719 3.0050001144409179688 3.5199999809265136719 2.8450000286102294922 2.8729999065399169922 2.4470000267028808594 2.4010000228881835938 2.7100000381469726562 2.88899993896484375 3.0810000896453857422 3.0550000667572021484 2.9319999217987060547 2.6310000419616699219 2.2349998950958251953 1.9570000171661376953 1.5279999971389770508 1.3550000190734863281 0.51300001144409179688
0 0 0 0 0 0 0 0 0 0 0 0 0 0 0.10800000280141830444 0.38499999046325683594 0.62300002574920654297 1.1449999809265136719 1.7810000181198120117 2.0569999217987060547 1.9689999818801879883 1.8930000066757202148 3.0539999008178710938 3.1619999408721923828 2.8770000934600830078 2.9839999675750732422 2.9890000820159912109 2.3499999046325683594 2.0490000247955322266 2.8480000495910644531 2.8510000705718994141 3.0980000495910644531 3.0999999046325683594 3.0109999179840087891 2.8689999580383300781 2.5920000076293945312 2.3380000591278076172 2.0199999809265136719 1.3099999427795410156 0.91399997472763061523
0 0 0 0 0 0 0 0 0 0 0 0 0 0.0020000000949949026108 0.19699999690055847168 0.62800002098083496094 0.98500001430511474609 1.2699999809265136719 1.6289999485015869141 1.8450000286102294922 1.7610000371932983398 2.5789999961853027344 2.8110001087188720703 2.8740000724792480469 2.7839999198913574219 2.9869999885559082031 2.8389999866485595703 2.5299999713897705078 2.5920000076293945312 2.9260001182556152344 3.0789999961853027344 3.2409999370574951172 3.0390000343322753906 2.7239999771118164062 2.8780000209808349609 2.6440000534057617188 2.5099999904632568359 2.1919999122619628906 1.6349999904632568359 1.1749999523162841797
0 0 0 0 0 0 0 0 0 0 0 0 0 0 0.16599999368190765381 0.76800000667572021484 1.1749999523162841797 1.4579999446868896484 1.7690000534057617188 1.8159999847412109375 1.9299999475479125977 2.2090001106262207031 2.3849999904632568359 2.6740000247955322266 2.9509999752044677734 2.8099999427795410156 2.8369998931884765625 2.7839999198913574219 3.0299999713897705078 2.9830000400543212891 3.2920000553131103516 3.3469998836517333984 2.9969999790191650391 2.8410000801086425781 2.7239999771118164062 2.6310000419616699219 2.2109999656677246094 2.0789999961853027344 1.8580000400543212891 1.5319999456405639648
0 0 0 0 0 0 0 0 0 0 0 0 0 0.13799999654293060303 0.68099999427795410156 0.87800002098083496094 1.3389999866485595703 1.5989999771118164062 1.7469999790191650391 2.0569999217987060547 2.1970000267028808594 2.38899993896484375 2.5020000934600830078 2.6050000190734863281 2.7550001144409179688 2.7309999465942382812 2.6640000343322753906 2.7790000438690185547 3.1410000324249267578 3.1949999332427978516 3.4349999427795410156 3.3110001087188720703 2.8970000743865966797 2.7939999103546142578 2.8239998817443847656 2.9600000381469726562 2.6710000038146972656 2.3929998874664306641 1.4620000123977661133 1.4809999465942382812
0 0 0 0 0 0 0 0 0 0 0 0 0 0.48399999737739562988 0.9629999995231628418 1.1100000143051147461 1.3739999532699584961 1.3580000400543212891 1.5930000543594360352 2.0169999599456787109 2.2620000839233398438 2.3489999771118164062 2.5260000228881835938 2.729000091552734375 2.8180000782012939453 2.6029999256134033203 2.7679998874664306641 2.9389998912811279297 3.2230000495910644531 3.479000091552734375 3.6329998970031738281 3.1480000019073486328 3.0789999961853027344 3.0250000953674316406 3.0039999485015869141 3.0550000667572021484 2.8949999809265136719 2.8340001106262207031 1.370000004768371582 1.1749999523162841797
0 0 0 0 0 0 0 0 0 0 0 0 0 0.71399998664855957031 0.99000000953674316406 1.2849999666213989258 1.386999964714050293 1.3519999980926513672 1.3990000486373901367 1.9290000200271606445 2.0260000228881835938 2.4270000457763671875 2.6579999923706054688 2.7850000858306884766 2.9179999828338623047 3.0169999599456787109 3.1960000991821289062 3.26399993896484375 3.4479999542236328125 3.6649999618530273438 3.6889998912811279297 3.5030000209808349609 3.2699999809265136719 3.0889999866485595703 3.1419999599456787109 3.0380001068115234375 2.5710000991821289062 2.8740000724792480469 1.5379999876022338867 1.3350000381469726562
0.43099999427795410156 0.59299999475479125977 0.63499999046325683594 0 0 0 0 0 0 0 0 0 0 0.6470000147819519043 1.0039999485015869141 1.4680000543594360352 1.2799999713897705078 1.613000035285949707 1.870000004768371582 1.9709999561309814453 2.0789999961853027344 2.1489999294281005859 2.4019999504089355469 2.6340000629425048828 2.9330000877380371094 3.0299999713897705078 3.3369998931884765625 3.5429999828338623047 3.7279999256134033203 3.8659999370574951172 3.7060000896453857422 3.4379999637603759766 3.1329998970031738281 3.1540000438690185547 3.2219998836517333984 2.8789999485015869141 2.4189999103546142578 2.604000091552734375 1.7209999561309814453 1.4789999723434448242
0.2020000070333480835 0.40400001406669616699 0.64499998092651367188 0.69599997997283935547 0.86100000143051147461 0.20499999821186065674 0.13899999856948852539 0.25200000405311584473 0 0.10300000011920928955 0.16699999570846557617 0.12700000405311584473 0.92000001668930053711 1.1189999580383300781 1.5 1.6189999580383300781 1.5390000343322753906 1.8009999990463256836 1.9229999780654907227 2.0169999599456787109 2.131999969482421875 2.2070000171661376953 2.381999969482421875 2.4409999847412109375 2.9079999923706054688 3.1519999504089355469 3.4760000705718994141 3.6310000419616699219 3.5910000801086425781 3.8829998970031738281 3.8840000629425048828 3.5720000267028808594 3.4170000553131103516 3.4749999046325683594 3.1760001182556152344 2.6689999103546142578 2.4379999637603759766 2.4110000133514404297 1.754999995231628418 0.79699999094009399414
0.27399998903274536133 0.29600000381469726562 0.49900001287460327148 0.75800001621246337891 0.95099997520446777344 1.116000056266784668 0.93999999761581420898 0.70599997043609619141 0.67199999094009399414 0.73000001907348632812 0.82499998807907104492 0.56300002336502075195 1.0369999408721923828 1.2610000371932983398 1.6560000181198120117 1.620000004768371582 1.6799999475479125977 1.7860000133514404297 1.9769999980926513672 2.1150000095367431641 2.2249999046325683594 2.3220000267028808594 2.3429999351501464844 2.5160000324249267578 2.8069999217987060547 2.9460000991821289062 3.1510000228881835938 3.6059999465942382812 3.7739999294281005859 3.729000091552734375 3.8559999465942382812 3.9769999980926513672 3.6589999198913574219 3.5380001068115234375 3.1909999847412109375 2.7369999885559082031 2.5780000686645507812 2.3080000877380371094 1.5859999656677246094 0.64399999380111694336
0.47200000286102294922 0.50800001621246337891 0.48199999332427978516 0.59700000286102294922 0.93000000715255737305 1.0959999561309814453 1.2819999456405639648 1.3240000009536743164 1.129999995231628418 1.0959999561309814453 1.2220000028610229492 1.3140000104904174805 1.3619999885559082031 1.5169999599456787109 1.7810000181198120117 1.754999995231628418 1.9259999990463256836 1.8999999761581420898 1.7899999618530273438 2.2469999790191650391 2.4370000362396240234 2.5450000762939453125 2.4760000705718994141 2.6370000839233398438 3.270999908447265625 3.1300001144409179688 3.4159998893737792969 3.4660000801086425781 3.4489998817443847656 3.5539999008178710938 3.9530000686645507812 3.9260001182556152344 3.7579998970031738281 3.4639999866485595703 3.3069999217987060547 2.9309999942779541016 2.6359999179840087891 2.4979999065399169922 0.52799999713897705078 0.76800000667572021484
0.88400000333786010742 0.74400001764297485352 0.61500000953674316406 0.49000000953674316406 0.82899999618530273438 1.0939999818801879883 1.3170000314712524414 1.4960000514984130859 1.5549999475479125977 1.6870000362396240234 1.6390000581741333008 1.6050000190734863281 1.7350000143051147461 1.863000035285949707 1.7680000066757202148 1.743000030517578125 1.9420000314712524414 1.8990000486373901367 2.1930000782012939453 2.3429999351501464844 2.4100000858306884766 2.5889999866485595703 3.1050000190734863281 3.2560000419616699219 3.5520000457763671875 3.3759999275207519531 3.3970000743865966797 3.4419999122619628906 3.4719998836517333984 3.5769999027252197266 3.6579999923706054688 3.6589999198913574219 3.5889999866485595703 3.3699998855590820312 3.0339999198913574219 2.9449999332427978516 2.8099999427795410156 2.5150001049041748047 1.8949999809265136719 1.4129999876022338867
2.0160000324249267578 1.5970000028610229492 0.91699999570846557617 0.84500002861022949219 0.92599999904632568359 0.93699997663497924805 1.2489999532699584961 1.5889999866485595703 1.8020000457763671875 1.9570000171661376953 1.9570000171661376953 1.8090000152587890625 1.9960000514984130859 2.0260000228881835938 2.1280000209808349609 2.2990000247955322266 2.0450000762939453125 2.118000030517578125 2.2790000438690185547 2.3689999580383300781 2.4830000400543212891 2.61100006103515625 4.0219998359680175781 3.8020000457763671875 3.5690000057220458984 3.4049999713897705078 3.5009999275207519531 3.6140000820159912109 3.7170000076293945312 4.1560001373291015625 4.3499999046325683594 3.6909999847412109375 3.1500000953674316406 3.0989999771118164062 3.2000000476837158203 2.9330000877380371094 2.5880000591278076172 2.4719998836517333984 2.2829999923706054688 1.8739999532699584961
1.9989999532699584961 1.9199999570846557617 1.6879999637603759766 1.3090000152587890625 0.96600002050399780273 0.87699997425079345703 1.0700000524520874023 1.0279999971389770508 1.4019999504089355469 2.2760000228881835938 2.3840000629425048828 2.3880000114440917969 2.4159998893737792969 2.4189999103546142578 2.25 2.2990000247955322266 2.4779999256134033203 2.4730000495910644531 2.4309999942779541016 2.5280001163482666016 2.5539999008178710938 3.6800000667572021484 3.7260000705718994141 3.6619999408721923828 3.7139999866485595703 3.4809999465942382812 3.5769999027252197266 3.7030000686645507812 3.8659999370574951172 4.9270000457763671875 4.2719998359680175781 3.7409999370574951172 3.4119999408721923828 3.2520000934600830078 3.0499999523162841797 2.7279999256134033203 2.4800000190734863281 2.38899993896484375 2.2539999485015869141 1.9960000514984130859
1.5909999608993530273 1.5060000419616699219 1.4249999523162841797 1.2599999904632568359 1.1859999895095825195 0.97500002384185791016 1.1859999895095825195 1.5470000505447387695 1.8309999704360961914 2.0550000667572021484 2.4920001029968261719 2.7490000724792480469 2.8320000171661376953 2.8340001106262207031 2.7899999618530273438 2.7660000324249267578 2.6470000743865966797 2.6979999542236328125 2.8059999942779541016 2.881999969482421875 2.8090000152587890625 2.8199999332427978516 3.4609999656677246094 3.4900000095367431641 3.3129999637603759766 3.1730000972747802734 3.5569999217987060547 3.8670001029968261719 4.04199981689453125 4.7750000953674316406 4.6789999008178710938 4.375 4.0180001258850097656 3.7530000209808349609 4.2039999961853027344 3.9779999256134033203 2.6700000762939453125 2.4010000228881835938 2.1019999980926513672 1.9129999876022338867
