data/Outputs10m/floodfuture/Run_1.asc
ncols        104
nrows        112
xllcorner    470406.491399999999
yllcorner    4439304.785899999551
cellsize     9.997971000000
NODATA_value  nan
[rows 36 to 53 of 112, columns 0 to 39 of 104]
5.2140002250671386719 6.2870001792907714844 7.6620001792907714844 7.6770000457763671875 7.6939997673034667969 7.7170000076293945312 7.7389998435974121094 7.125 7.256999969482421875 7.4670000076293945312 7.6649999618530273438 7.8800001144409179688 7.9120001792907714844 7.9419999122619628906 9.7950000762939453125 9.8210000991821289062 9.8470001220703125 9.8730001449584960938 9.8999996185302734375 8.1750001907348632812 7.9479999542236328125 7.8850002288818359375 7.5700001716613769531 8.076000213623046875 8.4079999923706054688 8.4560003280639648438 8.5030002593994140625 8.5500001907348632812 8.59799957275390625 8.4060001373291015625 8.6149997711181640625 8.6280002593994140625 8.6969995498657226562 8.8070001602172851562 8.8859996795654296875 8.9329996109008789062 8.979000091552734375 9.0229997634887695312 9.0659999847412109375 9.1129999160766601562
5.2589998245239257812 6.41699981689453125 7.7109999656677246094 7.7270002365112304688 7.7449998855590820312 7.7659997940063476562 7.6149997711181640625 7.2890000343322753906 7.2740001678466796875 6.9010000228881835938 6.840000152587890625 7.3880000114440917969 7.9539999961853027344 7.98600006103515625 8.0100002288818359375 8.0450000762939453125 8.0819997787475585938 8.1190004348754882812 8.1499996185302734375 9.937000274658203125 9.9639997482299804688 9.9910001754760742188 10.019000053405761719 10.046999931335449219 8.4040002822875976562 7.7140002250671386719 8.4949998855590820312 8.5369997024536132812 8.5810003280639648438 8.4530000686645507812 8.0329999923706054688 8.4029998779296875 8.1490001678466796875 7.7909998893737792969 8.8800001144409179688 8.9259996414184570312 8.9700002670288085938 9.0170001983642578125 9.062000274658203125 9.1090002059936523438
5.3049998283386230469 6.3720002174377441406 7.7579998970031738281 7.7740001678466796875 7.79199981689453125 7.8119997978210449219 7.4899997711181640625 7.7509999275207519531 7.5920000076293945312 7.1510000228881835938 7.5199999809265136719 7.51399993896484375 7.9939999580383300781 8.0220003128051757812 8.0539999008178710938 8.0850000381469726562 8.1230001449584960938 8.1579999923706054688 8.187999725341796875 8.2209997177124023438 8.2580003738403320312 8.2959995269775390625 8.3380002975463867188 8.3739995956420898438 10.085000038146972656 10.112999916076660156 10.140999794006347656 10.168999671936035156 10.199000358581542969 8.15200042724609375 8.2899999618530273438 8.1160001754760742188 8.5649995803833007812 8.8219995498657226562 8.8699998855590820312 8.91699981689453125 8.9600000381469726562 9.0089998245239257812 9.0539999008178710938 9.1009998321533203125
5.3489999771118164062 6.3379998207092285156 7.8029999732971191406 7.8200001716613769531 7.8379998207092285156 7.8600001335144042969 7.8810000419616699219 7.5630002021789550781 7.9310002326965332031 7.9559998512268066406 7.9819998741149902344 8.0089998245239257812 8.0360002517700195312 8.0649995803833007812 8.0970001220703125 8.1260004043579101562 8.1630001068115234375 8.194000244140625 8.2279996871948242188 8.2620000839233398438 8.298000335693359375 8.3350000381469726562 8.3739995956420898438 8.409999847412109375 8.4420003890991210938 8.479999542236328125 8.520000457763671875 8.5600004196166992188 8.59799957275390625 10.239000320434570312 10.267999649047851562 10.296999931335449219 10.326999664306640625 8.4540004730224609375 8.8649997711181640625 8.9069995880126953125 8.9490003585815429688 9 9.048999786376953125 9.0939998626708984375
5.3930001258850097656 6.2810001373291015625 7.8470001220703125 7.8629999160766601562 7.8839998245239257812 7.9029998779296875 7.9270000457763671875 7.8029999732971191406 7.9749999046325683594 7.9970002174377441406 8.0220003128051757812 6.9970002174377441406 7.3130002021789550781 8.1059999465942382812 8.1350002288818359375 8.1700000762939453125 8.1999998092651367188 8.2340002059936523438 8.2670001983642578125 8.298999786376953125 8.3369998931884765625 8.3730001449584960938 8.4119997024536132812 8.4479999542236328125 8.4840002059936523438 8.5190000534057617188 8.5570001602172851562 8.5950002670288085938 8.6330003738403320312 8.6689996719360351562 8.7100000381469726562 8.7469997406005859375 10.355999946594238281 10.385000228881835938 10.414999961853027344 10.446000099182128906 10.477000236511230469 8.9940004348754882812 9.0430002212524414062 9.0889997482299804688
5.4320001602172851562 6.4060001373291015625 7.88899993896484375 7.9089999198913574219 7.9260001182556152344 7.9479999542236328125 7.9660000801086425781 7.9899997711181640625 8.0159997940063476562 8.0399999618530273438 8.0649995803833007812 8.090000152587890625 7.73600006103515625 7.6050000190734863281 8.0839996337890625 8.2069997787475585938 8.2399997711181640625 8.270000457763671875 8.3030004501342773438 8.3369998931884765625 8.3719997406005859375 8.4110002517700195312 8.4490003585815429688 8.4849996566772460938 8.5190000534057617188 8.555999755859375 8.5939998626708984375 8.631999969482421875 8.6700000762939453125 8.70800018310546875 8.7469997406005859375 8.784999847412109375 8.81999969482421875 8.8559999465942382812 8.8929996490478515625 8.930999755859375 10.506999969482421875 10.536999702453613281 10.567999839782714844 10.598999977111816406
5.4730000495910644531 6.3520002365112304688 7.9299998283386230469 7.9499998092651367188 7.9640002250671386719 7.98600006103515625 8.0059995651245117188 8.0329999923706054688 8.05500030517578125 8.0819997787475585938 8.1029996871948242188 8.131999969482421875 8.1579999923706054688 8.1850004196166992188 8.215000152587890625 8.2469997406005859375 8.2790002822875976562 8.3079996109008789062 8.3420000076293945312 8.375 8.4130001068115234375 8.44499969482421875 8.4829998016357421875 8.5190000534057617188 8.555999755859375 8.5930004119873046875 8.6300001144409179688 8.6680002212524414062 8.7060003280639648438 8.7449998855590820312 8.784000396728515625 8.8219995498657226562 8.8570003509521484375 8.8929996490478515625 8.9259996414184570312 8.9630002975463867188 9.0010004043579101562 9.0360002517700195312 9.0749998092651367188 9.1140003204345703125
5.5159997940063476562 6.3029999732971191406 7.9699997901916503906 7.98600006103515625 8.0059995651245117188 8.0249996185302734375 8.048000335693359375 8.0719995498657226562 8.0939998626708984375 8.1199998855590820312 8.1440000534057617188 8.1689996719360351562 8.19499969482421875 8.2239999771118164062 8.2539997100830078125 8.284999847412109375 8.3140001296997070312 8.3489999771118164062 8.3789997100830078125 8.4130001068115234375 8.4469995498657226562 8.4820003509521484375 8.520000457763671875 8.555999755859375 8.5920000076293945312 8.6260004043579101562 8.6660003662109375 8.7040004730224609375 8.7390003204345703125 8.7810001373291015625 8.8179998397827148438 8.854999542236328125 8.8900003433227539062 8.9250001907348632812 8.9619998931884765625 8.9980001449584960938 9.0360002517700195312 9.0710000991821289062 9.1090002059936523438 9.145000457763671875
5.5539999008178710938 6.4270000457763671875 8.0080003738403320312 8.02700042724609375 8.0450000762939453125 8.062999725341796875 8.0860004425048828125 8.1099996566772460938 8.1339998245239257812 8.1569995880126953125 8.180999755859375 8.2049999237060546875 8.2340002059936523438 8.2600002288818359375 8.2899999618530273438 8.31999969482421875 8.3520002365112304688 8.3839998245239257812 8.4139995574951171875 8.4499998092651367188 8.4840002059936523438 8.5179996490478515625 8.555999755859375 8.5920000076293945312 8.6280002593994140625 8.6619997024536132812 8.6990003585815429688 8.7399997711181640625 8.7749996185302734375 8.8140001296997070312 8.8529996871948242188 8.8870000839233398438 8.9250001907348632812 8.9600000381469726562 8.993000030517578125 9.0299997329711914062 9.0670003890991210938 9.104999542236328125 9.1429996490478515625 9.1789999008178710938
5.5910000801086425781 6.354000091552734375 8.0450000762939453125 8.0640001296997070312 8.0819997787475585938 8.1000003814697265625 8.1230001449584960938 8.145999908447265625 8.1709995269775390625 8.1960000991821289062 8.2200002670288085938 8.2440004348754882812 8.2720003128051757812 8.298000335693359375 8.326999664306640625 8.3579998016357421875 8.38899993896484375 8.4209995269775390625 8.4499998092651367188 8.4829998016357421875 8.520000457763671875 8.5539999008178710938 8.5920000076293945312 8.6269998550415039062 8.6630001068115234375 8.6999998092651367188 8.7340002059936523438 8.7740001678466796875 8.812999725341796875 8.84799957275390625 8.8879995346069335938 8.9219999313354492188 8.9560003280639648438 8.9919996261596679688 9.0279998779296875 9.0640001296997070312 9.1009998321533203125 9.1359996795654296875 9.173999786376953125 9.2130002975463867188
5.6269998550415039062 6.2859997749328613281 8.0810003280639648438 8.1000003814697265625 8.118000030517578125 8.1359996795654296875 8.1579999923706054688 8.1820001602172851562 8.2060003280639648438 8.2309999465942382812 8.2550001144409179688 8.2819995880126953125 8.305999755859375 8.3350000381469726562 8.3640003204345703125 8.395000457763671875 8.4219999313354492188 8.4540004730224609375 8.48600006103515625 8.5190000534057617188 8.55500030517578125 8.5860004425048828125 8.6269998550415039062 8.659000396728515625 8.6979999542236328125 8.7309999465942382812 8.7650003433227539062 8.805999755859375 8.8439998626708984375 8.8830003738403320312 8.9219999313354492188 8.9560003280639648438 8.9870004653930664062 9.0249996185302734375 9.0579996109008789062 9.0939998626708984375 9.1309995651245117188 9.1689996719360351562 9.2040004730224609375 9.2449998855590820312
5.6609997749328613281 6.4060001373291015625 8.1160001754760742188 8.1350002288818359375 8.1549997329711914062 8.1709995269775390625 8.1960000991821289062 8.215999603271484375 8.2410001754760742188 8.2659997940063476562 8.2889995574951171875 8.3159999847412109375 8.3430004119873046875 8.3690004348754882812 8.3979997634887695312 8.430999755859375 8.45800018310546875 8.4919996261596679688 8.520999908447265625 8.5539999008178710938 8.5869998931884765625 8.6239995956420898438 8.6579999923706054688 8.694000244140625 8.729000091552734375 8.7650003433227539062 8.8020000457763671875 8.840000152587890625 8.8780002593994140625 8.9130001068115234375 8.9560003280639648438 8.98600006103515625 9.020999908447265625 9.055999755859375 9.090999603271484375 9.1269998550415039062 9.1639995574951171875 9.201000213623046875 9.23600006103515625 9.2749996185302734375
6.5320000648498535156 6.2620000839233398438 8.145999908447265625 8.1649999618530273438 8.1859998703002929688 8.20800018310546875 8.229999542236328125 8.25 8.27700042724609375 8.298999786376953125 8.3249998092651367188 8.3520002365112304688 8.3760004043579101562 8.4040002822875976562 8.4359998703002929688 8.4630002975463867188 8.493000030517578125 8.5240001678466796875 8.5530004501342773438 8.5850000381469726562 8.6210002899169921875 8.6549997329711914062 8.6920003890991210938 8.7270002365112304688 8.7629995346069335938 8.798999786376953125 8.8360004425048828125 8.8699998855590820312 8.9110002517700195312 8.9460000991821289062 8.9849996566772460938 9.0190000534057617188 9.0530004501342773438 9.0850000381469726562 9.1210002899169921875 9.1569995880126953125 9.1960000991821289062 9.229999542236328125 9.2679996490478515625 9.3030004501342773438
3.4000000953674316406 4.0720000267028808594 5.5510001182556152344 5.6620001792907714844 6.3470001220703125 7.1069998741149902344 6.70800018310546875 7.1009998321533203125 7.4390001296997070312 5.9609999656677246094 6.1539998054504394531 6.8210000991821289062 6.895999908447265625 7.2410001754760742188 8.4890003204345703125 8.4969997406005859375 8.52700042724609375 8.5579996109008789062 8.590000152587890625 8.6190004348754882812 8.6549997329711914062 8.687999725341796875 6.1350002288818359375 3.9230000972747802734 4.3340001106262207031 4.881999969482421875 4.4340000152587890625 6.5430002212524414062 8.756999969482421875 8.979000091552734375 9.0150003433227539062 9.048000335693359375 9.0819997787475585938 9.1169996261596679688 9.15200042724609375 9.187999725341796875 9.2250003814697265625 9.2589998245239257812 9.298999786376953125 9.3339996337890625
3.3840000629425048828 3.3919999599456787109 3.9140000343322753906 4.3340001106262207031 4.4920001029968261719 4.3559999465942382812 4.6859998703002929688 5.6970000267028808594 4.8920001983642578125 4.1119999885559082031 3.8659999370574951172 3.6670000553131103516 3.2369999885559082031 3.0910000801086425781 3.8719999790191650391 5.090000152587890625 6.1199998855590820312 6.0380001068115234375 5.4720001220703125 5.5859999656677246094 6.0789999961853027344 5.395999908447265625 2.2330000400543212891 2.3710000514984130859 2.2599999904632568359 2.1519999504089355469 2.2039999961853027344 2.2109999656677246094 2.7760000228881835938 2.9449999332427978516 2.8650000095367431641 4.1760001182556152344 3.895999908447265625 2.631999969482421875 3.5690000057220458984 6.6129999160766601562 7.5279998779296875 7.6560001373291015625 9.326999664306640625 9.3649997711181640625
3.8139998912811279297 3.9690001010894775391 4.2420001029968261719 4.3489999771118164062 4.5780000686645507812 4.6009998321533203125 4.73600006103515625 5.1399998664855957031 4.7100000381469726562 4.3470001220703125 3.9279999732971191406 3.625 3.1029999256134033203 2.8740000724792480469 2.7070000171661376953 2.3250000476837158203 2.1960000991821289062 2.0959999561309814453 1.6540000438690185547 1.9090000391006469727 2.0150001049041748047 0.86199998855590820312 1.5850000381469726562 2.3050000667572021484 2.2880001068115234375 2.2750000953674316406 2.2330000400543212891 2.3239998817443847656 2.9500000476837158203 3.2109999656677246094 3.2190001010894775391 3.2950000762939453125 2.4300000667572021484 2.7660000324249267578 2.8589999675750732422 3.0959999561309814453 3.1540000438690185547 3.3670001029968261719 3.368000030517578125 3.3780000209808349609
3.3289999961853027344 3.0659999847412109375 3.0669999122619628906 3.1689999103546142578 3.6700000762939453125 3.6010000705718994141 6.0720000267028808594 3.9089999198913574219 4.1890001296997070312 4.2620000839233398438 4.0619997978210449219 3.9019999504089355469 3.8059999942779541016 3.2060000896453857422 2.5239999294281005859 2.3180000782012939453 1.9730000495910644531 1.4179999828338623047 0.98500001430511474609 0.79500001668930053711 0.71399998664855957031 1.25 1.8049999475479125977 2.1540000438690185547 2.2039999961853027344 2.2490000724792480469 1.9279999732971191406 3.0959999561309814453 3.2679998874664306641 3.5280001163482666016 3.7620000839233398438 3.8440001010894775391 3.5060000419616699219 4.0460000038146972656 4.2459998130798339844 4.3270001411437988281 4.4609999656677246094 4.0460000038146972656 3.4279999732971191406 2.75
2.6449999809265136719 2.5399999618530273438 2.9119999408721923828 2.9739999771118164062 3.4240000247955322266 4.9640002250671386719 3.3410000801086425781 3.5309998989105224609 3.8780000209808349609 4.0659999847412109375 4.125 3.9100000858306884766 3.645999908447265625 3.6670000553131103516 3.5 1.8099999427795410156 1.8609999418258666992 1.4029999971389770508 1.0260000228881835938 0.99599999189376831055 0.97699999809265136719 1.6959999799728393555 1.9759999513626098633 2.0650000572204589844 2.1610000133514404297 2.2060000896453857422 1.9680000543594360352 3.2939999103546142578 3.3369998931884765625 3.6189999580383300781 3.8039999008178710938 4.0019998550415039062 4.090000152587890625 4.2560000419616699219 4.4219999313354492188 4.3499999046325683594 4.2610001564025878906 4.2800002098083496094 4.3289999961853027344 4.0710000991821289062
