data/Outputs10m/floodfuture/Run_1.asc
ncols        104
nrows        112
xllcorner    470406.491399999999
yllcorner    4439304.785899999551
cellsize     9.997971000000
NODATA_value  nan
[rows 72 to 89 of 112, columns 40 to 79 of 104]
2.3940000534057617188 2.7599999904632568359 2.9679999351501464844 3.0629999637603759766 3.3849999904632568359 3.7409999370574951172 3.9570000171661376953 4.0700001716613769531 4.0370001792907714844 4.0809998512268066406 4.0190000534057617188 3.7990000247955322266 3.8510000705718994141 4.2439999580383300781 3.9679999351501464844 4.1799998283386230469 3.5420000553131103516 3.6089999675750732422 3.3350000381469726562 3.7650001049041748047 4.4190001487731933594 5.298999786376953125 5.7129998207092285156 5.7870001792907714844 5.9159998893737792969 6.0549998283386230469 6.076000213623046875 6.1310000419616699219 6.0250000953674316406 5.91699981689453125 4.7369999885559082031 4.6859998703002929688 4.7020001411437988281 4.8319997787475585938 4.3530001640319824219 4.5339999198913574219 4.7940001487731933594 5.3489999771118164062 6.4739999771118164062 6.8319997787475585938
2.6559998989105224609 2.9760000705718994141 3.0250000953674316406 3.2119998931884765625 3.1960000991821289062 3.5789999961853027344 3.5659999847412109375 3.8980000019073486328 4.0510001182556152344 4.1230001449584960938 4.2829999923706054688 4.3340001106262207031 4.0130000114440917969 3.6349999904632568359 3.8980000019073486328 3.5339999198913574219 3.8949999809265136719 3.9979999065399169922 4.0720000267028808594 4.090000152587890625 4.4120001792907714844 4.090000152587890625 4.8639998435974121094 5.48600006103515625 5.5199999809265136719 5.8379998207092285156 5.8769998550415039062 5.8249998092651367188 6.29199981689453125 6.3660001754760742188 6.3559999465942382812 5.0819997787475585938 4.0370001792907714844 4.1030001640319824219 4.2119998931884765625 3.8399999141693115234 4.1119999885559082031 4.7300000190734863281 6.8410000801086425781 6.0859999656677246094
3.0030000209808349609 3.1310000419616699219 2.9049999713897705078 3.0469999313354492188 3.5569999217987060547 3.5260000228881835938 3.4300000667572021484 3.8299999237060546875 3.9309999942779541016 4.1020002365112304688 4.3839998245239257812 4.3740000724792480469 4.4739999771118164062 4.6079998016357421875 4.0840001106262207031 3.7530000209808349609 3.8310000896453857422 4.2140002250671386719 3.9360001087188720703 3.8389999866485595703 4.2630000114440917969 4.3990001678466796875 4.4250001907348632812 5.0320000648498535156 5.4159998893737792969 5.7309999465942382812 5.7329998016357421875 5.8359999656677246094 5.9970002174377441406 6.1529998779296875 6.1760001182556152344 5.8309998512268066406 5.4530000686645507812 4.6830000877380371094 3.9100000858306884766 4.0560002326965332031 3.9470000267028808594 5.2189998626708984375 6.95800018310546875 5.9460000991821289062
3.2449998855590820312 3.2599999904632568359 3.2300000190734863281 3.1979999542236328125 3.5190000534057617188 3.2460000514984130859 3.4409999847412109375 3.6540000438690185547 3.8580000400543212891 3.8650000095367431641 4.3080000877380371094 3.7279999256134033203 4.090000152587890625 4.5529999732971191406 4.7300000190734863281 4.7789998054504394531 4.3779997825622558594 4.2459998130798339844 4.1259999275207519531 3.8849999904632568359 4.3249998092651367188 4.7740001678466796875 5.3179998397827148438 5.5310001373291015625 6.5370001792907714844 3.76399993896484375 4.5390000343322753906 4.4920001029968261719 4.9250001907348632812 6.0159997940063476562 5.8860001564025878906 5.3150000572204589844 5.1680002212524414062 4.9910001754760742188 3.88899993896484375 3.9149999618530273438 3.9539999961853027344 4.0250000953674316406 5.3769998550415039062 5.8049998283386230469
3.0880000591278076172 3.1830000877380371094 3.2739999294281005859 3.354000091552734375 3.4830000400543212891 3.1400001049041748047 3.3280000686645507812 3.5499999523162841797 3.7090001106262207031 3.1879999637603759766 3.0550000667572021484 3.2579998970031738281 3.7809998989105224609 4.1680002212524414062 4.5 4.7439999580383300781 5.0190000534057617188 4.895999908447265625 5.13899993896484375 5.0009999275207519531 4.9800000190734863281 5.0450000762939453125 5.2600002288818359375 7.6750001907348632812 4.3439998626708984375 4.2189998626708984375 4.3930001258850097656 4.0749998092651367188 3.9430000782012939453 3.9760000705718994141 4.6440000534057617188 4.2940001487731933594 3.8880000114440917969 3.7379999160766601562 3.8670001029968261719 3.7579998970031738281 4.0100002288818359375 4.0619997978210449219 4.090000152587890625 4.0999999046325683594
2.7969999313354492188 2.9089999198913574219 3.1129999160766601562 3.3459999561309814453 3.5260000228881835938 3.4300000667572021484 3.3740000724792480469 3.3829998970031738281 3.5650000572204589844 3.4159998893737792969 3.2279999256134033203 3.1840000152587890625 3.5120000839233398438 3.8399999141693115234 4.2179999351501464844 4.3579998016357421875 4.6269998550415039062 4.8359999656677246094 5.1849999427795410156 5.3239998817443847656 5.3759999275207519531 5.5159997940063476562 5.1329998970031738281 6.1100001335144042969 3.8810000419616699219 4.2160000801086425781 4.2589998245239257812 3.9979999065399169922 3.868000030517578125 3.9979999065399169922 3.4100000858306884766 3.2739999294281005859 3.1440000534057617188 3.7650001049041748047 3.8250000476837158203 3.9969999790191650391 4.0250000953674316406 4.0879998207092285156 4.0910000801086425781 4.1370000839233398438
2.5109999179840087891 2.6140000820159912109 2.7509999275207519531 2.8489999771118164062 3.0199999809265136719 3.1530001163482666016 3.2579998970031738281 3.2300000190734863281 3.256999969482421875 3.1589999198913574219 3.0230000019073486328 2.9110000133514404297 3.1809999942779541016 3.5390000343322753906 3.8529999256134033203 3.9500000476837158203 4.1149997711181640625 4.4210000038146972656 4.7880001068115234375 4.9180002212524414062 5.3470001220703125 5.54199981689453125 5.5850000381469726562 5.4670000076293945312 5.4390001296997070312 4.4349999427795410156 4.118000030517578125 3.8259999752044677734 3.6470000743865966797 3.6519999504089355469 3.51399993896484375 3.2939999103546142578 2.9809999465942382812 2.256999969482421875 3.8900001049041748047 3.8689999580383300781 4.0250000953674316406 4.0809998512268066406 4.0980000495910644531 4.1220002174377441406
2.5320000648498535156 2.36100006103515625 2.3729999065399169922 2.6170001029968261719 2.7269999980926513672 2.8810000419616699219 2.8729999065399169922 3.0060000419616699219 3.1029999256134033203 3.0999999046325683594 3.0460000038146972656 2.7809998989105224609 2.8800001144409179688 3.3020000457763671875 3.4969999790191650391 3.5969998836517333984 3.7279999256134033203 4.1030001640319824219 4.4730000495910644531 4.4530000686645507812 4.6139998435974121094 5.2410001754760742188 4.3480000495910644531 5.36100006103515625 5.4019999504089355469 5.2389998435974121094 5.2199997901916503906 4.1009998321533203125 3.4519999027252197266 3.0480000972747802734 3.1500000953674316406 3.0769999027252197266 2.4949998855590820312 2.2609999179840087891 3.020999908447265625 3.9619998931884765625 3.7850000858306884766 3.8440001010894775391 4.1170001029968261719 4.1579999923706054688
2.2149999141693115234 2.4309999942779541016 2.3970000743865966797 2.4210000038146972656 2.4849998950958251953 2.5559999942779541016 2.6310000419616699219 2.6940000057220458984 2.8059999942779541016 2.8759999275207519531 3.2720000743865966797 2.6749999523162841797 2.7679998874664306641 2.9700000286102294922 3.0510001182556152344 3.1510000228881835938 3.3190000057220458984 3.8039999008178710938 3.9509999752044677734 3.8450000286102294922 3.9440000057220458984 3.7420001029968261719 3.9370000362396240234 4.0590000152587890625 4.1170001029968261719 5.0850000381469726562 5.0650000572204589844 4.9359998703002929688 4.8390002250671386719 4.5770001411437988281 2.6089999675750732422 2.5260000228881835938 2.3210000991821289062 2.2880001068115234375 2.1270000934600830078 3.8629999160766601562 3.7860000133514404297 3.8320000171661376953 3.7560000419616699219 3.8250000476837158203
2.2390000820159912109 2.2620000839233398438 2.2550001144409179688 2.4040000438690185547 2.4319999217987060547 2.4240000247955322266 2.3910000324249267578 2.4509999752044677734 2.5480000972747802734 2.6419999599456787109 2.7850000858306884766 2.7239999771118164062 2.6819999217987060547 2.7230000495910644531 2.8350000381469726562 3.006999969482421875 3.2260000705718994141 3.4119999408721923828 3.2660000324249267578 3.1809999942779541016 3.395999908447265625 3.6779999732971191406 3.729000091552734375 3.8139998912811279297 3.875 3.9030001163482666016 3.8190000057220458984 4.0250000953674316406 4.7160000801086425781 4.5970001220703125 4.5430002212524414062 4.3249998092651367188 2.3789999485015869141 2.006999969482421875 2.2899999618530273438 3.6570000648498535156 3.6489999294281005859 3.6549999713897705078 3.7000000476837158203 3.8320000171661376953
2.2219998836517333984 2.1870000362396240234 2.2079999446868896484 2.1559998989105224609 2.2139999866485595703 2.2479999065399169922 2.2309999465942382812 2.1800000667572021484 2.3259999752044677734 2.4440000057220458984 2.5720000267028808594 2.8090000152587890625 2.8369998931884765625 2.5910000801086425781 2.8340001106262207031 2.75 3.0390000343322753906 3.2179999351501464844 3.1749999523162841797 3.0020000934600830078 3.3829998970031738281 3.4969999790191650391 3.4779999256134033203 3.5199999809265136719 3.4249999523162841797 3.4890000820159912109 3.6659998893737792969 3.6919999122619628906 3.5810000896453857422 3.5829999446868896484 4.229000091552734375 4.3000001907348632812 4.2369999885559082031 4.1079998016357421875 3.7479999065399169922 3.6659998893737792969 3.6970000267028808594 3.7300000190734863281 3.7750000953674316406 3.8359999656677246094
1.2630000114440917969 2.0269999504089355469 2.1050000190734863281 2.1289999485015869141 2.0590000152587890625 2.1329998970031738281 2.3350000381469726562 2.3059999942779541016 2.3469998836517333984 2.3340001106262207031 2.5320000648498535156 2.4890000820159912109 2.4830000400543212891 2.5230000019073486328 2.5940001010894775391 2.6689999103546142578 2.604000091552734375 2.8770000934600830078 2.9470000267028808594 3.0290000438690185547 3.0959999561309814453 3.1700000762939453125 3.2230000495910644531 3.2650001049041748047 3.1480000019073486328 3.4340000152587890625 3.36100006103515625 3.5350000858306884766 3.4690001010894775391 3.6080000400543212891 3.6349999904632568359 3.5650000572204589844 4.0469999313354492188 4.1329998970031738281 4.0890002250671386719 4.0430002212524414062 3.9430000782012939453 3.7550001144409179688 3.6530001163482666016 3.7869999408721923828
1.3559999465942382812 1.7319999933242797852 2.0420000553131103516 2.1900000572204589844 2.0529999732971191406 2.1140000820159912109 2.2400000095367431641 2.4270000457763671875 2.3129999637603759766 2.3489999771118164062 2.5220000743865966797 2.3719999790191650391 2.625 2.5680000782012939453 2.7630000114440917969 2.7190001010894775391 2.8090000152587890625 2.8410000801086425781 2.9979999065399169922 2.9890000820159912109 2.9489998817443847656 2.9519999027252197266 2.9349999427795410156 2.9419999122619628906 3.0230000019073486328 3.0769999027252197266 3.104000091552734375 3.3259999752044677734 3.2409999370574951172 3.4830000400543212891 3.5520000457763671875 3.5569999217987060547 3.8250000476837158203 3.8099999427795410156 3.8719999790191650391 3.9779999256134033203 3.8280000686645507812 3.7799999713897705078 3.7079999446868896484 3.6429998874664306641
1.3619999885559082031 1.9090000391006469727 2.2279999256134033203 2.3329999446868896484 2.1749999523162841797 2.0350000858306884766 2.0260000228881835938 2.0999999046325683594 2.3459999561309814453 2.4509999752044677734 2.4960000514984130859 2.4140000343322753906 2.3919999599456787109 2.6150000095367431641 2.5780000686645507812 2.5639998912811279297 2.6259999275207519531 2.7249999046325683594 2.8480000495910644531 2.9419999122619628906 3.0360000133514404297 3.0899999141693115234 2.9749999046325683594 2.875 3.0739998817443847656 3.2039999961853027344 3.4040000438690185547 3.3050000667572021484 3.2530000209808349609 3.2109999656677246094 3.1970000267028808594 3.2070000171661376953 3.2669999599456787109 3.3800001144409179688 3.5109999179840087891 3.6159999370574951172 3.6210000514984130859 3.7939999103546142578 3.7490000724792480469 3.6540000438690185547
1.3439999818801879883 1.8600000143051147461 2.2420001029968261719 2.2079999446868896484 1.9609999656677246094 1.8140000104904174805 1.9919999837875366211 2.1240000724792480469 2.0550000667572021484 2.4070000648498535156 2.4579999446868896484 2.354000091552734375 2.3929998874664306641 2.4509999752044677734 2.4660000801086425781 2.479000091552734375 2.5160000324249267578 2.5810000896453857422 2.6919999122619628906 2.7669999599456787109 2.8480000495910644531 2.9300000667572021484 2.8840000629425048828 2.2769999504089355469 2.104000091552734375 1.6779999732971191406 2.7520000934600830078 3.0429999828338623047 3.3380000591278076172 3.4019999504089355469 3.4749999046325683594 3.4360001087188720703 3.4279999732971191406 3.4969999790191650391 3.5150001049041748047 3.5429999828338623047 3.5469999313354492188 3.5399999618530273438 3.5769999027252197266 3.5569999217987060547
1.3400000333786010742 1.7120000123977661133 1.7200000286102294922 2.0050001144409179688 1.7209999561309814453 1.6699999570846557617 1.8930000066757202148 2.0859999656677246094 1.8099999427795410156 2.0130000114440917969 2.2249999046325683594 2.3429999351501464844 2.3519999980926513672 2.3659999370574951172 2.3810000419616699219 2.4059998989105224609 2.4270000457763671875 2.4579999446868896484 2.5480000972747802734 2.5759999752044677734 2.6779999732971191406 2.7869999408721923828 2.7030000686645507812 2.8770000934600830078 2.9530000686645507812 2.9800000190734863281 3.1670000553131103516 3.3359999656677246094 3.0869998931884765625 3.381999969482421875 3.2009999752044677734 2.4089999198913574219 2.979000091552734375 2.1930000782012939453 2.5789999961853027344 2.2249999046325683594 2.2409999370574951172 2.3059999942779541016 2.0899999141693115234 2.2550001144409179688
1.3320000171661376953 1.5490000247955322266 1.743000030517578125 1.8120000362396240234 1.258999943733215332 0.85399997234344482422 1.8059999942779541016 1.8159999847412109375 1.6310000419616699219 1.5169999599456787109 1.6560000181198120117 2.2039999961853027344 2.2850000858306884766 2.1960000991821289062 2.2960000038146972656 2.3110001087188720703 2.3259999752044677734 2.3229999542236328125 2.3970000743865966797 2.36100006103515625 2.5169999599456787109 2.5950000286102294922 2.6019999980926513672 2.9430000782012939453 2.7070000171661376953 1.7860000133514404297 1.4780000448226928711 1.4969999790191650391 1.6749999523162841797 1.9900000095367431641 1.6829999685287475586 1.6000000238418579102 1.8669999837875366211 2.2609999179840087891 2.0750000476837158203 2.0369999408721923828 1.7649999856948852539 1.5099999904632568359 2.2230000495910644531 2.5160000324249267578
1.1809999942779541016 1.3519999980926513672 1.5670000314712524414 1.2849999666213989258 1.1870000362396240234 1.2840000391006469727 1.7059999704360961914 1.636999964714050293 1.5470000505447387695 1.5360000133514404297 1.6390000581741333008 1.8480000495910644531 2.0820000171661376953 2.0690000057220458984 2.0399999618530273438 2.1280000209808349609 2.2490000724792480469 2.2000000476837158203 2.2330000400543212891 2.3859999179840087891 2.0899999141693115234 1.7560000419616699219 1.8509999513626098633 1.6940000057220458984 1.7660000324249267578 1.7200000286102294922 1.6030000448226928711 1.6490000486373901367 1.7580000162124633789 1.7159999608993530273 1.6069999933242797852 1.7389999628067016602 2.0109999179840087891 1.8880000114440917969 1.8969999551773071289 1.873000025749206543 1.876999974250793457 2.0840001106262207031 2.3329999446868896484 2.7109999656677246094
